#ell		tomo_i	tomo_j	Cell_kappakappa
8.0000000000e+00	1		1		2.325103e-08			
8.4608820978e+00	1		1		2.303038e-08			
8.9483157340e+00	1		1		2.276995e-08			
9.4638305499e+00	1		1		2.247105e-08			
1.0009044310e+01	1		1		2.213524e-08			
1.0585667977e+01	1		1		2.176420e-08			
1.1195511085e+01	1		1		2.135975e-08			
1.1840487414e+01	1		1		2.092384e-08			
1.2522620999e+01	1		1		2.045859e-08			
1.3244052478e+01	1		1		1.996629e-08			
1.4007045814e+01	1		1		1.944933e-08			
1.4813995397e+01	1		1		1.891019e-08			
1.5667433556e+01	1		1		1.835152e-08			
1.6570038511e+01	1		1		1.777606e-08			
1.7524642775e+01	1		1		1.718654e-08			
1.8534242041e+01	1		1		1.658578e-08			
1.9602004585e+01	1		1		1.597669e-08			
2.0731281209e+01	1		1		1.536204e-08			
2.1925615756e+01	1		1		1.474463e-08			
2.3188756229e+01	1		1		1.412727e-08			
2.4524666555e+01	1		1		1.351253e-08			
2.5937539027e+01	1		1		1.290296e-08			
2.7431807451e+01	1		1		1.230102e-08			
2.9012161072e+01	1		1		1.170882e-08			
3.0683559279e+01	1		1		1.112843e-08			
3.2451247175e+01	1		1		1.056172e-08			
3.4320772034e+01	1		1		1.001013e-08			
3.6298000710e+01	1		1		9.475131e-09			
3.8389138049e+01	1		1		8.957764e-09			
4.0600746359e+01	1		1		8.458798e-09			
4.2939766003e+01	1		1		7.978978e-09			
4.5413537182e+01	1		1		7.518488e-09			
4.8029822967e+01	1		1		7.077543e-09			
5.0796833663e+01	1		1		6.656115e-09			
5.3723252570e+01	1		1		6.253804e-09			
5.6818263238e+01	1		1		5.870433e-09			
6.0091578282e+01	1		1		5.505371e-09			
6.3553469864e+01	1		1		5.158130e-09			
6.7214801928e+01	1		1		4.828228e-09			
7.1087064293e+01	1		1		4.514921e-09			
7.5182408707e+01	1		1		4.217898e-09			
7.9513686987e+01	1		1		3.936482e-09			
8.4094491345e+01	1		1		3.670311e-09			
8.8939197042e+01	1		1		3.419023e-09			
9.4063007506e+01	1		1		3.182103e-09			
9.9482002033e+01	1		1		2.959397e-09			
1.0521318626e+02	1		1		2.750363e-09			
1.1127454551e+02	1		1		2.554730e-09			
1.1768510125e+02	1		1		2.372053e-09			
1.2446497079e+02	1		1		2.201753e-09			
1.3163543040e+02	1		1		2.043421e-09			
1.3921898206e+02	1		1		1.896282e-09			
1.4723942412e+02	1		1		1.759828e-09			
1.5572192596e+02	1		1		1.633318e-09			
1.6469310695e+02	1		1		1.516115e-09			
1.7418112002e+02	1		1		1.407616e-09			
1.8421574002e+02	1		1		1.307146e-09			
1.9482845711e+02	1		1		1.214202e-09			
2.0605257561e+02	1		1		1.128170e-09			
2.1792331852e+02	1		1		1.048590e-09			
2.3047793805e+02	1		1		9.749600e-10			
2.4375583249e+02	1		1		9.068493e-10			
2.5779866992e+02	1		1		8.438560e-10			
2.7265051890e+02	1		1		7.855814e-10			
2.8835798678e+02	1		1		7.316801e-10			
3.0497036602e+02	1		1		6.817971e-10			
3.2253978877e+02	1		1		6.356226e-10			
3.4112139058e+02	1		1		5.928503e-10			
3.6077348334e+02	1		1		5.532084e-10			
3.8155773832e+02	1		1		5.164362e-10			
4.0353937968e+02	1		1		4.822978e-10			
4.2678738916e+02	1		1		4.505737e-10			
4.5137472256e+02	1		1		4.210626e-10			
4.7737853868e+02	1		1		3.935823e-10			
5.0488044148e+02	1		1		3.679660e-10			
5.3396673610e+02	1		1		3.440619e-10			
5.6472869978e+02	1		1		3.217317e-10			
5.9726286826e+02	1		1		3.008488e-10			
6.3167133872e+02	1		1		2.812984e-10			
6.6806209018e+02	1		1		2.629769e-10			
7.0654932237e+02	1		1		2.457908e-10			
7.4725381411e+02	1		1		2.296560e-10			
7.9030330229e+02	1		1		2.144963e-10			
8.3583288276e+02	1		1		2.002432e-10			
8.8398543431e+02	1		1		1.868350e-10			
9.3491206698e+02	1		1		1.742162e-10			
9.8877259632e+02	1		1		1.623367e-10			
1.0457360449e+03	1		1		1.511514e-10			
1.1059811726e+03	1		1		1.406195e-10			
1.1696970380e+03	1		1		1.307042e-10			
1.2370835911e+03	1		1		1.213717e-10			
1.3083523011e+03	1		1		1.125914e-10			
1.3837268203e+03	1		1		1.043351e-10			
1.4634436852e+03	1		1		9.657671e-11			
1.5477530597e+03	1		1		8.929207e-11			
1.6369195193e+03	1		1		8.245855e-11			
1.7312228821e+03	1		1		7.605479e-11			
1.8309590863e+03	1		1		7.006058e-11			
1.9364411193e+03	1		1		6.445659e-11			
2.0480000000e+03	1		1		5.922427e-11			
