#ell sum_m_a_lm
0 0.05845932412544868
1 0.09892291335829995
2 0.060031132959728374
3 0.060206650313523624
4 0.08617746900580336
5 0.07171393010384448
6 0.04607172330800789
7 0.038235180158698444
8 0.02962268594499605
9 0.02061968288100116
10 0.01686157297473112
11 0.012319064548322909
12 0.012306726855779826
13 0.01432232205736099
14 0.00961469037882912
15 0.008040968687488685
16 0.011456850591717714
17 0.008394786399263575
18 0.004940759043610607
19 0.00727796811430797
20 0.007059483326885108
21 0.005370357308914699
22 0.006116428447725632
23 0.0043835865633806755
24 0.002893466218672668
25 0.005019034944487216
26 0.004544565948432902
27 0.0026188873197990257
28 0.004028698327902309
29 0.004311462026102317
30 0.002665206546164875
31 0.0030198893223512247
32 0.002996491109729995
33 0.0017783936749032891
34 0.0020195803688027505
35 0.002014227880383251
36 0.0015163505618463555
37 0.002610781881925619
38 0.003032674493768761
39 0.0020572144344865547
40 0.0022579263668735428
41 0.002427409380496069
42 0.0014234864597539338
43 0.0013435902673059675
44 0.0017720819599955503
45 0.0012873120926785392
46 0.0010566882942144278
47 0.0013958070842717222
48 0.001362188127660595
49 0.0011481683413030077
50 0.0011330916151992521
51 0.0012758006367917967
52 0.0013648374699165796
53 0.001159712925288964
54 0.00112004936988664
55 0.0014262549841380298
56 0.0014332684644340129
57 0.0012542996885313857
58 0.001264125318498118
59 0.0012097144922724712
60 0.001201246051180766
61 0.001202158568490492
62 0.0009132477128483814
63 0.0009012389721673277
64 0.0011773891767777182
65 0.0009524122566023372
66 0.0007548903564454873
67 0.001073198754797281
68 0.0010874277776531244
69 0.0008460596356191711
70 0.0009161188702122978
71 0.0009034286083575421
72 0.000738946453356609
73 0.0006862629786183561
74 0.0005364181453288651
75 0.0004545154499435967
76 0.0005373833765981416
77 0.0004333124603314248
78 0.00046298166987946267
79 0.0007676628326334272
80 0.0007319056959769436
81 0.0005791048784562735
82 0.0007273230541976918
83 0.0006740612387243322
84 0.0004509676128813687
85 0.0005088122234231068
86 0.0005161174101364091
87 0.00037360767431310186
88 0.0004228708438585751
89 0.0004778796701111115
90 0.0004237547190620904
91 0.0004733208559200958
92 0.0005198682227612098
93 0.0004806897298890877
94 0.00046760338328253513
95 0.00044942928098307263
96 0.00044556789682174687
97 0.00045849336179969
98 0.0003867667441145934
99 0.00034755871190114506
100 0.00041483330931279026
101 0.0004432594799778859
102 0.0004328750700130326
103 0.0004128649406982251
104 0.0003770442175901425
105 0.0004188197244121783
106 0.0004391305523394188
107 0.0003526490835326571
108 0.000349461259622852
109 0.0003574696202553733
110 0.00024059053968625432
111 0.00023789343059866334
112 0.0003155215686492366
113 0.0002554017064087307
114 0.0002524123077059849
115 0.00031593626562361615
116 0.0002455862556018685
117 0.0002427596907430098
118 0.0003304608685640405
119 0.00027296117069109315
120 0.0002634556769295471
121 0.00037193599946210774
122 0.0003207096783779551
123 0.00024983948903253725
124 0.0003299136259713834
125 0.0003215684653888552
126 0.00022607140871648207
127 0.00022746605207042862
128 0.00025548190683942875
129 0.00025567890595093776
130 0.00024407686561380996
131 0.000220573629429406
132 0.00025355134985592377
133 0.0002731482094713546
134 0.00019738446162119694
135 0.0001929935215294342
136 0.0002629079721845244
137 0.00023717932062324395
138 0.00021173245772456144
139 0.00025400805125866963
140 0.00024433710801189437
141 0.00022817261358679762
142 0.00025075988736138996
143 0.00022683845140422608
144 0.0001929424385406817
145 0.000184957378290183
146 0.00015989395732165878
147 0.00015182334163647257
148 0.00015181597874239228
149 0.0001328345960719936
150 0.00015722251158333862
151 0.00018476688851534707
152 0.00016752050620619038
153 0.00019225557567184478
154 0.00022802151111874107
155 0.00020682200635915564
156 0.00020527361856165552
157 0.00021124246494542298
158 0.00018071168573214564
159 0.00018124109933753324
160 0.0001793920475538863
161 0.00014544167383953924
162 0.0001630211694123835
163 0.00017559211901743214
164 0.00014684421275165552
165 0.00019015439810929675
166 0.00023354261515784485
167 0.00018575206173293346
168 0.0001750787036389779
169 0.0001964208633079727
170 0.00015869569284607441
171 0.00014581394609119538
172 0.00016016850387988373
173 0.00013307331595166757
174 0.00012633200984192997
175 0.00013357749955540267
176 0.00011565684584788626
177 0.00013209903583716808
178 0.00014541463945410576
179 0.0001268946036541023
180 0.0001591331390464015
181 0.00017379857674763196
182 0.00011909367198972861
183 0.00013130461896472095
184 0.00017242636818407578
185 0.00012540494538065965
186 0.00010185627453367958
187 0.00013746895426734458
188 0.00012571527495112503
189 0.00010630933910768495
190 0.00012522352915917908
191 0.000134726046787767
192 0.00013912255322467862
193 0.00013252447325333964
194 0.00010714941929383984
195 0.0001132673101486823
196 0.0001244750534169138
197 0.00010165279764464793
198 9.63991408736827e-05
199 0.00010303331662114197
200 9.296228602552948e-05
201 0.00010103908325659357
202 0.00010530383955644036
203 8.880647605714079e-05
204 0.00010042445475122181
205 0.0001102427428311901
206 8.713250637038419e-05
207 8.290358405921244e-05
208 9.037030944485477e-05
209 8.856610562030235e-05
210 0.0001015573459248842
211 0.00010124812948612744
212 9.420800905577766e-05
213 0.00012626931896141423
214 0.00013773147724670183
215 0.00010984480090711016
216 0.00011779496764609298
217 0.00012737042725726442
218 9.863821878019235e-05
219 9.210622302552501e-05
220 9.325808400640712e-05
221 6.997276217047093e-05
222 7.159221812546279e-05
223 8.531495980721261e-05
224 7.683747125981243e-05
225 7.957840191867853e-05
226 8.768213956203752e-05
227 8.539248567106895e-05
228 9.484580308767879e-05
229 9.460905594517502e-05
230 8.106094274789842e-05
231 8.822255860787686e-05
232 8.964441718574459e-05
233 7.85766015950169e-05
234 8.895541951312758e-05
235 8.925650106456224e-05
236 7.401239022183578e-05
237 8.946212955245685e-05
238 0.00010508461117854495
239 9.529356218595539e-05
240 9.847861376564351e-05
241 0.00010461316463819752
242 9.509239054229286e-05
243 9.052154722890555e-05
244 8.540310627937226e-05
245 8.21762799112934e-05
246 9.003754963991844e-05
247 8.208430849298472e-05
248 7.300267940851605e-05
249 8.842165635081449e-05
250 8.937209272724537e-05
251 7.607378668173137e-05
252 8.126475457626488e-05
253 7.953608040710058e-05
254 7.068897920653983e-05
255 7.711346714020861e-05
256 7.374893339764817e-05
257 7.095269759035158e-05
258 8.712327578556283e-05
259 8.196396604677043e-05
260 7.03468173604193e-05
261 8.737179396502811e-05
262 8.728605870384835e-05
263 7.118410851169636e-05
264 8.470552638512628e-05
265 9.229964486255045e-05
266 7.841729301123656e-05
267 8.285437453892787e-05
268 8.974952395280189e-05
269 8.135459433222602e-05
270 7.69955845083093e-05
271 7.289087831088157e-05
272 7.331975665400595e-05
273 8.331448471766368e-05
274 8.039875445287547e-05
275 7.73047030147909e-05
276 8.544403849365968e-05
277 7.705386352823729e-05
278 6.980071009399062e-05
279 8.104152083957149e-05
280 7.422823724710249e-05
281 6.173216141257044e-05
282 7.052974258538746e-05
283 6.769700859590621e-05
284 5.491133611632088e-05
285 5.848868488047195e-05
286 6.082789893624989e-05
287 6.339589658041874e-05
288 7.265786474086036e-05
289 6.92780991454049e-05
290 7.08677624168829e-05
291 8.020259905304194e-05
292 6.568980280210495e-05
293 5.775301355195359e-05
294 7.237789082152771e-05
295 6.418874531998881e-05
296 5.4675641440039085e-05
297 7.102878306025889e-05
298 6.78701667857965e-05
299 5.733656059070125e-05
300 7.27445933223807e-05
301 7.308674687548588e-05
302 6.058445518829557e-05
303 6.915119575961845e-05
304 6.658725709712724e-05
305 5.182725849412406e-05
306 5.843794933911574e-05
307 6.20505409791432e-05
308 5.511254139662401e-05
309 6.089501946722895e-05
310 6.256039426120837e-05
311 5.999820163092879e-05
312 6.97637467935335e-05
313 6.991771639890477e-05
314 6.461665897016117e-05
315 7.461923364597268e-05
316 7.25623003475718e-05
317 5.52517075095946e-05
318 5.471447431983034e-05
319 5.945879516364101e-05
320 5.417288377027301e-05
321 5.444400724217311e-05
322 5.994507414035045e-05
323 6.194885919271608e-05
324 6.236923043692169e-05
325 6.215495646446404e-05
326 6.384708287503294e-05
327 6.322776324713274e-05
328 5.716031569550893e-05
329 5.7909342081401966e-05
330 6.083735308198358e-05
331 5.303130812895139e-05
332 4.746042287248459e-05
333 4.7712900129448164e-05
334 4.4171177389198485e-05
335 4.590529510853251e-05
336 5.316045031844014e-05
337 5.7203176550776495e-05
338 6.119484852123827e-05
339 5.804372176628479e-05
340 5.2315272340289714e-05
341 6.204884687200956e-05
342 6.590745116967668e-05
343 5.383881323034396e-05
344 5.61780597440538e-05
345 6.062172810640252e-05
346 4.9821615039208544e-05
347 5.3411942593913296e-05
348 6.245186849565573e-05
349 5.619377518441442e-05
350 6.24454761327488e-05
351 7.081091419887637e-05
352 5.926191063609171e-05
353 6.317230095029494e-05
354 7.334558240628322e-05
355 5.6728926157831236e-05
356 5.4184296861891834e-05
357 7.030071572549137e-05
358 6.013397099487237e-05
359 5.258424180640872e-05
360 6.6625922290032e-05
361 6.168730521517271e-05
362 5.3986461112016525e-05
363 6.731861073988252e-05
364 6.725988409088866e-05
365 5.702066749895194e-05
366 6.109962604027177e-05
367 6.049025242169531e-05
368 5.295026942119826e-05
369 5.2154417751397015e-05
370 4.870818324349894e-05
371 4.713156900552162e-05
372 5.152697973302905e-05
373 4.7122496867586246e-05
374 4.4570750371123197e-05
375 5.315310908105757e-05
376 5.285854245126395e-05
377 4.690812980733851e-05
378 5.1100701957955184e-05
379 5.364155699564991e-05
380 4.815986533900782e-05
381 4.5026290454159326e-05
382 4.5579423871819986e-05
383 4.5239022950783647e-05
384 4.231549253329855e-05
385 4.117564423759267e-05
386 4.516619786209807e-05
387 4.611510577094146e-05
388 4.408879723335034e-05
389 4.7394673561540914e-05
390 4.8149638406611195e-05
391 4.392065157614477e-05
392 4.5500811680296524e-05
393 4.8374330289504075e-05
394 4.789546002220305e-05
395 4.7084575451070616e-05
396 4.139324106207473e-05
397 3.971363750106618e-05
398 4.784401875405817e-05
399 4.5618743231590505e-05
400 4.005431273302934e-05
401 5.0551672965415006e-05
402 5.3153382386204234e-05
403 4.315244258585026e-05
404 4.7958836660909225e-05
405 5.267823444668794e-05
406 4.4047563283834486e-05
407 4.4647931074651746e-05
408 4.73385493765853e-05
409 4.1044021314221494e-05
410 4.325545406688217e-05
411 4.639330038051557e-05
412 4.168328668922035e-05
413 4.489216896682567e-05
414 4.576995794564279e-05
415 3.796418462915759e-05
416 4.238075627227597e-05
417 4.7609340054765574e-05
418 4.060900920733091e-05
419 4.15672871221904e-05
420 4.4030046523555465e-05
421 3.6123974159242855e-05
422 3.8175285135382556e-05
423 4.531713155651225e-05
424 4.094768521569885e-05
425 3.985210851731533e-05
426 4.242361436778674e-05
427 3.844365958319959e-05
428 3.992597847859947e-05
429 4.345032001388533e-05
430 3.7697782838502046e-05
431 3.4554287837551735e-05
432 3.602225425104478e-05
433 3.579305732078725e-05
434 3.935758517249835e-05
435 4.077625155827574e-05
436 3.677530921558602e-05
437 3.913271847879633e-05
438 4.226544574562376e-05
439 3.962811504037068e-05
440 4.096643906259373e-05
441 4.2214539248625495e-05
442 3.8604313422440404e-05
443 3.830656817032352e-05
444 3.728224335090555e-05
445 3.441774401247817e-05
446 3.7833674443126085e-05
447 3.95339479951348e-05
448 3.7283661487113025e-05
449 4.042603591693012e-05
450 4.191556337654886e-05
451 4.0332139018700576e-05
452 4.352501518354907e-05
453 4.22349956141342e-05
454 3.779068139622094e-05
455 4.1475037535851616e-05
456 4.058553926980705e-05
457 3.3462292676060944e-05
458 3.672058999349454e-05
459 4.000762593950888e-05
460 3.386019606015068e-05
461 3.3049575634570854e-05
462 3.670565544771901e-05
463 3.572191051754931e-05
464 3.4242345099532245e-05
465 3.258844806375184e-05
466 3.210862294567125e-05
467 3.4952289637206505e-05
468 3.331724683676276e-05
469 3.1529809605955236e-05
470 3.710822087225794e-05
471 3.782859560065064e-05
472 3.3213579770655836e-05
473 3.538939497263479e-05
474 3.793464197984954e-05
475 3.7095978044533006e-05
476 3.868530450613712e-05
477 3.816502491526531e-05
478 3.738881572272196e-05
479 4.072936734279714e-05
480 3.9051696233825505e-05
481 3.5325800176904843e-05
482 3.7695242250666234e-05
483 3.695430571343331e-05
484 3.362079821973038e-05
485 3.6032861817130216e-05
486 3.776766176491217e-05
487 3.872483313482059e-05
488 4.205417031958328e-05
489 3.983388727378279e-05
490 3.6885491729494725e-05
491 3.9341289886558234e-05
492 3.711114320965678e-05
493 3.360865243921229e-05
494 3.6426086056540684e-05
495 3.5962229616742516e-05
496 3.330973099466156e-05
497 3.4405666684891185e-05
498 3.27027580791062e-05
499 3.3049667741292965e-05
500 3.812057544283391e-05
501 3.5705693357213316e-05
502 3.358804953436154e-05
503 4.048405771954893e-05
504 4.018619975270425e-05
505 3.346388195154897e-05
506 3.378619117987368e-05
507 3.3386896582835476e-05
508 3.006994846228832e-05
509 3.063425858175665e-05
510 2.9454530889318807e-05
511 2.8561788921667577e-05
512 3.2634561924603724e-05
513 3.229157784384302e-05
514 2.9274228596926576e-05
515 3.085796046758855e-05
516 3.0391858722587393e-05
517 2.86426193429262e-05
518 2.9808682300603593e-05
519 2.7969024978265004e-05
520 2.6567744566407872e-05
521 2.9260024733422776e-05
522 2.8547773225176988e-05
523 2.7731221881101033e-05
524 3.0263604485020553e-05
525 2.8928261176920614e-05
526 2.80051547137137e-05
527 3.082068444667207e-05
528 2.9691824037586296e-05
529 2.8580273679083357e-05
530 2.9743630856470774e-05
531 2.656760532585778e-05
532 2.6806085083649026e-05
533 3.2064483739240115e-05
534 2.945484549209613e-05
535 2.555990904552234e-05
536 2.9072397718548296e-05
537 3.002936300587365e-05
538 2.8350597319267613e-05
539 2.871057634732807e-05
540 2.6324285508355382e-05
541 2.5086307208881296e-05
542 2.6979582057975898e-05
543 2.539308483503475e-05
544 2.5483041929515933e-05
545 2.866967229707528e-05
546 2.7237582096331162e-05
547 2.7606233544006223e-05
548 3.1395304148482624e-05
549 2.9052333094319033e-05
550 2.748461958651669e-05
551 3.030125034562494e-05
552 2.7409601765157508e-05
553 2.53476480269516e-05
554 2.937813891267726e-05
555 2.752753127555359e-05
556 2.2725983040889037e-05
557 2.40081727640955e-05
558 2.487869392650663e-05
559 2.406302970586422e-05
560 2.5224879464151177e-05
561 2.5780052293608382e-05
562 2.7527092733873344e-05
563 2.9331350939111153e-05
564 2.633351600144892e-05
565 2.474386107798868e-05
566 2.6112757577207628e-05
567 2.3594533455933274e-05
568 2.189609966136448e-05
569 2.4016612134249707e-05
570 2.3780957110877528e-05
571 2.3163815984895617e-05
572 2.3901498603537202e-05
573 2.3081253114704958e-05
574 2.4152036129970874e-05
575 2.6244744532829677e-05
576 2.5827019568233754e-05
577 2.718618032338582e-05
578 2.75423101902034e-05
579 2.3354119917084364e-05
580 2.331549045951412e-05
581 2.5590548441673936e-05
582 2.2370304576880353e-05
583 2.1759112506049507e-05
584 2.5585351090506026e-05
585 2.4836621694570885e-05
586 2.3275947597331684e-05
587 2.5092610055180668e-05
588 2.568164616549223e-05
589 2.5417888761548037e-05
590 2.5234531256488148e-05
591 2.487182314073321e-05
592 2.5739107953799426e-05
593 2.4270126087925148e-05
594 2.26483597179965e-05
595 2.684456863501111e-05
596 2.8057912590116586e-05
597 2.4413235705761053e-05
598 2.7506399981166857e-05
599 2.966090427656776e-05
600 2.343313623891317e-05
601 2.2922217252818198e-05
602 2.6305414865859897e-05
603 2.2188972855201676e-05
604 2.0277945304857187e-05
605 2.2952938584476985e-05
606 2.0813531155253856e-05
607 1.9971808268613368e-05
608 2.273703481496995e-05
609 2.1397005593470506e-05
610 2.0825788814201303e-05
611 2.3575431591761482e-05
612 2.2513845145430408e-05
613 2.0106313074011648e-05
614 2.0241344099094014e-05
615 2.020159711066241e-05
616 1.9808951091330713e-05
617 1.851535226544455e-05
618 1.73650732830489e-05
619 1.9648386305745522e-05
620 2.0716106606374427e-05
621 1.8898372486693543e-05
622 2.0367707270309597e-05
623 2.2372209741332926e-05
624 2.1732396838652957e-05
625 2.270246612098727e-05
626 2.268936234338281e-05
627 2.0801828317288054e-05
628 2.2255256939001267e-05
629 2.2530063971291117e-05
630 1.9794919399959343e-05
631 2.0781620266169362e-05
632 2.1765224094018118e-05
633 2.0254272457531487e-05
634 2.2265314098905693e-05
635 2.3191782409470426e-05
636 2.0326604827118173e-05
637 2.1425983136368745e-05
638 2.309579703749089e-05
639 2.062575835198484e-05
640 1.9902811071601083e-05
641 1.980773978958416e-05
642 1.8273895327717858e-05
643 1.932411529107418e-05
644 1.936620656457736e-05
645 1.7880318684018473e-05
646 2.0419875378169032e-05
647 2.1667447688646416e-05
648 2.03609813837017e-05
649 2.333295398545822e-05
650 2.4198651694582394e-05
651 2.016885805817353e-05
652 2.0844054749491838e-05
653 2.2147696394480097e-05
654 1.825562867471039e-05
655 1.728590178167199e-05
656 1.884444744542685e-05
657 1.7569344268561545e-05
658 1.7720566698077716e-05
659 1.9178058493432237e-05
660 1.893876051218528e-05
661 1.9375428389259565e-05
662 1.947601672353373e-05
663 1.9051664281054535e-05
664 1.977605815535711e-05
665 1.7849542181674155e-05
666 1.5792201343899812e-05
667 1.8598069239811198e-05
668 1.9233096968843417e-05
669 1.6579464595903942e-05
670 1.7852833165975482e-05
671 1.8888837745034943e-05
672 1.7115334934705226e-05
673 1.7525803585710654e-05
674 1.7113582673774593e-05
675 1.580084977358171e-05
676 1.8014819837052495e-05
677 1.7787411911319833e-05
678 1.5121269655558343e-05
679 1.7734984615045292e-05
680 1.9122584888338897e-05
681 1.5105539784078002e-05
682 1.4842460021045106e-05
683 1.7383335060027378e-05
684 1.681800349106226e-05
685 1.6115038252722774e-05
686 1.5680770026608292e-05
687 1.5118537474306823e-05
688 1.6614829511773832e-05
689 1.6364590101137853e-05
690 1.4130824510723192e-05
691 1.5244916755647602e-05
692 1.621132452086256e-05
693 1.3975531662511797e-05
694 1.343801430649919e-05
695 1.4185354605994329e-05
696 1.35758298351143e-05
697 1.3730991009859033e-05
698 1.41792618747187e-05
699 1.3602497582204246e-05
700 1.3263610481394067e-05
701 1.3018754957523437e-05
702 1.318084676100811e-05
703 1.3992633152248113e-05
704 1.3958859083675243e-05
705 1.4009046910589604e-05
706 1.4450318199958521e-05
707 1.3863166326701872e-05
708 1.4323861305671379e-05
709 1.5694929740663567e-05
710 1.4723363943007219e-05
711 1.3296819227452629e-05
712 1.3222365075637098e-05
713 1.2814832776270436e-05
714 1.2184295438595541e-05
715 1.128691389399614e-05
716 1.1605034509734954e-05
717 1.4446898085083367e-05
718 1.4498510056457691e-05
719 1.3930121560784525e-05
720 2.024664804760325e-05
721 2.324814470531536e-05
722 1.81600668056879e-05
723 2.0402227308762256e-05
724 2.506736426136036e-05
725 1.8302395694315782e-05
726 1.4788612445840422e-05
727 1.990993035339443e-05
728 1.7559935789257382e-05
729 1.3250654014866017e-05
730 1.6053683212118702e-05
731 1.6127665390474317e-05
732 1.4475113838777126e-05
733 1.5926159202901956e-05
734 1.4561332526944074e-05
735 1.4547498986007607e-05
736 1.7870114308826446e-05
737 1.5651777795373633e-05
738 1.3809562243639207e-05
739 1.696288514310586e-05
740 1.523731236852842e-05
741 1.3363799812040264e-05
742 1.7098893877170895e-05
743 1.5874974024162437e-05
744 1.3115438962311372e-05
745 1.693562855078195e-05
746 1.7444778624567485e-05
747 1.4387584590742243e-05
748 1.600883158200731e-05
749 1.6281666494923025e-05
750 1.4239580531240894e-05
751 1.5257915650418802e-05
752 1.4328354681826119e-05
753 1.2431675109262385e-05
754 1.452653120819877e-05
755 1.4115863150137649e-05
756 1.1607965460514382e-05
757 1.351121470697298e-05
758 1.4033972856956248e-05
759 1.1222559587841436e-05
760 1.1808028261061053e-05
761 1.3422865306954505e-05
762 1.2591299430590635e-05
763 1.2272850704887448e-05
764 1.2399668974044227e-05
765 1.2157643045435946e-05
766 1.197000302850109e-05
767 1.0890956860229135e-05
768 1.0513370307000652e-05
769 1.1301621753291131e-05
770 1.0909454157646281e-05
771 1.0998996041894016e-05
772 1.2517545524316882e-05
773 1.3167869001795373e-05
774 1.3515103587831077e-05
775 1.346745279992503e-05
776 1.2707562371193733e-05
777 1.332693089954547e-05
778 1.2808232678615353e-05
779 1.0696038516927234e-05
780 1.243387593291466e-05
781 1.3959793719338115e-05
782 1.111508775842317e-05
783 1.2264350903453335e-05
784 1.6230590793829926e-05
785 1.443689260479113e-05
786 1.2970736400960113e-05
787 1.5314641818803737e-05
788 1.419053419243415e-05
789 1.178700692123093e-05
790 1.2233660156004279e-05
791 1.2176524603837543e-05
792 1.1895508910844227e-05
793 1.1458628082604942e-05
794 1.011982842548423e-05
795 1.2267858213114262e-05
796 1.4771685472163751e-05
797 1.2406364829368534e-05
798 1.2603967468456469e-05
799 1.6181154372707634e-05
800 1.4619310213880786e-05
801 1.2318833815764895e-05
802 1.394655316710167e-05
803 1.3293526386448677e-05
804 1.1348083880872146e-05
805 1.2061020292001659e-05
806 1.2023316631040494e-05
807 1.138210464065062e-05
808 1.1960358869687809e-05
809 1.1583960497117445e-05
810 1.1146379332716905e-05
811 1.1558805957242138e-05
812 1.1405760068231014e-05
813 1.1846926694792556e-05
814 1.2064045344924637e-05
815 1.1005677577156496e-05
816 1.1784734521977219e-05
817 1.2814705708964745e-05
818 1.1250331686565101e-05
819 1.0981785054043675e-05
820 1.20678681440064e-05
821 1.1197249559453213e-05
822 1.0729389243549299e-05
823 1.119736851804982e-05
824 1.1123222890169675e-05
825 1.2145405105444529e-05
826 1.2313813728543471e-05
827 1.0719755250418244e-05
828 1.146106419431032e-05
829 1.2089428277254271e-05
830 9.8037319601621e-06
831 9.438048917920233e-06
832 1.0198070494021224e-05
833 8.941381694753012e-06
834 9.445761575008921e-06
835 1.0816413522149606e-05
836 1.0063624466601713e-05
837 1.0780186723588157e-05
838 1.2046070513575362e-05
839 1.1214539833851001e-05
840 1.2037372668423163e-05
841 1.2949107414733979e-05
842 1.0638396516531295e-05
843 9.948097335183559e-06
844 1.1059790858994026e-05
845 9.865336795543097e-06
846 9.299283839407236e-06
847 1.0381538826835243e-05
848 1.0370973915729663e-05
849 1.0631617847859565e-05
850 1.1009457782343428e-05
851 1.0456183550045952e-05
852 1.1079955992087472e-05
853 1.1405816432012697e-05
854 1.0315155578026284e-05
855 1.0952079517430493e-05
856 1.1750019509120798e-05
857 1.109797825538681e-05
858 1.2121656555933201e-05
859 1.2870467936985798e-05
860 1.1433478424495076e-05
861 1.1847530343448363e-05
862 1.2789662710005117e-05
863 1.0979910935289964e-05
864 9.662122666941947e-06
865 9.741806774692583e-06
866 9.386983229105438e-06
867 9.513927164169774e-06
868 9.477089834280803e-06
869 9.28799062611239e-06
870 1.0597776181951788e-05
871 1.1118234206375244e-05
872 1.0606304259789282e-05
873 1.1703830205408309e-05
874 1.1941582202551582e-05
875 1.0777283490056869e-05
876 1.1469873326889631e-05
877 1.1721356349152303e-05
878 1.0425268860896783e-05
879 1.0742672237221997e-05
880 1.098365155165073e-05
881 1.0368239221451252e-05
882 1.1440116127935517e-05
883 1.1739702492143231e-05
884 1.0630913430645952e-05
885 1.1250698352490782e-05
886 1.1270365341978708e-05
887 1.0019300661593668e-05
888 1.084339788462164e-05
889 1.129537361974671e-05
890 1.007961341211132e-05
891 1.045588203678072e-05
892 1.0719103730038561e-05
893 9.770342658265026e-06
894 1.0222381444998993e-05
895 1.0358750108284917e-05
896 9.637253395492263e-06
897 1.0350777172195393e-05
898 1.0242180859216896e-05
899 9.397309140250736e-06
900 1.0701583925033258e-05
901 1.0947464211648175e-05
902 9.336791042465911e-06
903 9.878335189010061e-06
904 1.0562430766131192e-05
905 9.404047993000004e-06
906 9.237843030008355e-06
907 9.520290237032043e-06
908 9.297149586742994e-06
909 9.786471213368847e-06
910 9.742202370068925e-06
911 9.585052958468064e-06
912 1.0539133749623727e-05
913 1.0233319613333345e-05
914 9.543782160433515e-06
915 1.0359997980403315e-05
916 9.695331957423316e-06
917 8.501048239077192e-06
918 9.587230823989474e-06
919 9.537799677254313e-06
920 8.303198490003115e-06
921 9.155066731288121e-06
922 9.329000337318826e-06
923 8.178277205993412e-06
924 8.742063183888394e-06
925 8.96225183332539e-06
926 8.06630652098062e-06
927 8.55112630155313e-06
928 8.91944483805075e-06
929 8.679764552719548e-06
930 9.418234373503739e-06
931 9.48489415319491e-06
932 9.192929762228817e-06
933 1.0016033167944897e-05
934 9.646077117567798e-06
935 8.704019705759753e-06
936 9.406857254940045e-06
937 9.211005694223707e-06
938 7.867011274601945e-06
939 7.985284659449853e-06
940 8.424511924980235e-06
941 8.460559187309628e-06
942 8.787190484393815e-06
943 8.562850847501637e-06
944 8.812094954006373e-06
945 9.929195452619265e-06
946 9.710413227428714e-06
947 9.231425537351913e-06
948 9.72203819254834e-06
949 9.414944572280744e-06
950 9.10500457083277e-06
951 9.414882348600464e-06
952 8.94298425937466e-06
953 9.151737546960742e-06
954 9.83075708831586e-06
955 9.0611371361151e-06
956 9.633077463341945e-06
957 1.132159131068267e-05
958 1.0183465279269564e-05
959 9.142169796907784e-06
960 1.0151337141216918e-05
961 9.39686088480129e-06
962 8.49085592061396e-06
963 9.492606525643239e-06
964 8.971350002542303e-06
965 8.049128329937651e-06
966 9.069914207807954e-06
967 9.2103211075928e-06
968 8.676685418623144e-06
969 9.160094895620633e-06
970 9.034767293654702e-06
971 8.828994396887716e-06
972 8.927184619333887e-06
973 8.109017357311851e-06
974 8.540565990877914e-06
975 9.698080871492172e-06
976 8.504932179745651e-06
977 8.17662014065252e-06
978 9.69989996669104e-06
979 8.68172417000265e-06
980 7.595755564387509e-06
981 9.410515084842512e-06
982 9.72374037357725e-06
983 8.277195752407374e-06
984 8.558605302330911e-06
985 9.141191584563375e-06
986 8.787947923150827e-06
987 8.40267175703649e-06
988 7.98865881375811e-06
989 8.173030774131744e-06
990 8.374634778298953e-06
991 7.749257132699303e-06
992 8.181023192447922e-06
993 8.925380150364108e-06
994 8.064715090027253e-06
995 8.119356041384956e-06
996 9.146757495711261e-06
997 8.449545037898984e-06
998 7.930817794853595e-06
999 8.44595325681644e-06
1000 7.91505719863263e-06
1001 7.670544208175158e-06
1002 8.304773004484331e-06
1003 8.227026310700478e-06
1004 8.354838832553989e-06
1005 8.630729985797325e-06
1006 8.396957957187319e-06
1007 9.101571927055411e-06
1008 9.4270544564586e-06
1009 8.642628731519563e-06
1010 9.413263367392366e-06
1011 9.702036212981992e-06
1012 7.86959387328304e-06
1013 8.216368722441222e-06
1014 9.534283721349497e-06
1015 8.424881739972029e-06
1016 8.614340033046144e-06
1017 9.955606472061526e-06
1018 8.912738402081191e-06
1019 8.948709360757023e-06
1020 1.0602401094919215e-05
1021 9.695913487946393e-06
1022 8.610833098168231e-06
1023 9.190928165889135e-06
1024 8.59230852090714e-06
1025 8.029371805125701e-06
1026 8.525270809935634e-06
1027 8.165922065900201e-06
1028 8.27617059652682e-06
1029 9.010448373411438e-06
1030 8.518959988245625e-06
1031 8.702655418431773e-06
1032 9.581881557107763e-06
1033 8.762523480727487e-06
1034 8.239886857312635e-06
1035 8.907463016720799e-06
1036 8.453726501180072e-06
1037 7.804461273113502e-06
1038 7.911294678296163e-06
1039 7.602711701389601e-06
1040 7.566810282409354e-06
1041 8.030923325432553e-06
1042 8.2030738858218e-06
1043 8.604527955883707e-06
1044 8.81508168893946e-06
1045 8.740031373326857e-06
1046 9.390747936997311e-06
1047 9.414889405365872e-06
1048 8.49727922954174e-06
1049 8.461954438294373e-06
1050 8.16341408180881e-06
1051 7.090910747131475e-06
1052 7.139703781377373e-06
1053 7.362903469497176e-06
1054 7.188594112631516e-06
1055 7.669837556641168e-06
1056 7.43439048952922e-06
1057 7.206295432970913e-06
1058 8.595928483797754e-06
1059 8.655734685988534e-06
1060 7.754329731373669e-06
1061 8.92528244139121e-06
1062 9.081011046075192e-06
1063 7.5749517183084825e-06
1064 8.071408567594083e-06
1065 8.357549243533709e-06
1066 7.513663740453111e-06
1067 8.687413959141493e-06
1068 9.237791899373009e-06
1069 8.308640330644693e-06
1070 9.788438281910375e-06
1071 1.0790567676659744e-05
1072 9.333541678035155e-06
1073 9.641975653336706e-06
1074 9.949677979442147e-06
1075 8.218928819375843e-06
1076 8.448510718346238e-06
1077 9.08564369161293e-06
1078 7.78862788126922e-06
1079 8.426264419667235e-06
1080 9.633708078282921e-06
1081 8.418145136077037e-06
1082 8.602987365675131e-06
1083 1.0040669668743817e-05
1084 9.175449405750123e-06
1085 8.234323870125305e-06
1086 8.450529155077691e-06
1087 8.165937371843387e-06
1088 8.013075050696351e-06
1089 7.759996183505322e-06
1090 7.393279213912366e-06
1091 8.405378132213016e-06
1092 9.05122106353676e-06
1093 8.66746234423985e-06
1094 9.459781851195808e-06
1095 9.841384353473473e-06
1096 8.994290724243078e-06
1097 9.405402220072457e-06
1098 9.554173040290684e-06
1099 8.322140278089149e-06
1100 8.378063847913235e-06
1101 8.756367739975499e-06
1102 8.095264145022308e-06
1103 8.250767009184504e-06
1104 8.360211728589383e-06
1105 7.70951078090724e-06
1106 7.973915072012455e-06
1107 7.977601569552703e-06
1108 7.376474386157977e-06
1109 7.88991288614679e-06
1110 7.943235416358933e-06
1111 7.27353743896855e-06
1112 7.742913398182744e-06
1113 7.677037556031428e-06
1114 7.122036934026548e-06
1115 8.046113579063637e-06
1116 8.050922417837861e-06
1117 7.030857313195952e-06
1118 7.832817987474551e-06
1119 8.232463768219145e-06
1120 7.3989179216110476e-06
1121 8.090399132458955e-06
1122 8.473917136516126e-06
1123 7.622497951536261e-06
1124 8.197894563835315e-06
1125 8.52789933558324e-06
1126 7.538672508214702e-06
1127 7.853155772076362e-06
1128 8.12168249675396e-06
1129 7.129272988248519e-06
1130 7.2953518286980956e-06
1131 7.754314425355912e-06
1132 7.262577999442239e-06
1133 7.424044891629181e-06
1134 7.475182955974619e-06
1135 6.8852843843543995e-06
1136 7.093785594331586e-06
1137 7.1061048395113545e-06
1138 6.7578951613163175e-06
1139 7.3168612442039094e-06
1140 7.2703998138122825e-06
1141 6.77125354525008e-06
1142 7.586804318566237e-06
1143 7.853785695732629e-06
1144 7.216417457545602e-06
1145 7.67872370205934e-06
1146 7.813805528813497e-06
1147 7.041671111829806e-06
1148 7.004288746808926e-06
1149 6.671590915312962e-06
1150 5.992832529835844e-06
1151 6.377610726471343e-06
1152 6.4274369464249035e-06
1153 6.249798060367795e-06
1154 7.319368617909131e-06
1155 7.71533665885466e-06
1156 7.161521357560972e-06
1157 7.65758163049109e-06
1158 7.896367021851133e-06
1159 7.144089321830749e-06
1160 6.978018159859839e-06
1161 6.960313805367472e-06
1162 6.7671638562327904e-06
1163 6.9031993381118e-06
1164 6.7151911037694415e-06
1165 6.901357292140439e-06
1166 7.660130673866653e-06
1167 7.250956219668765e-06
1168 6.9768267966031985e-06
1169 7.990664422992881e-06
1170 7.775081379335666e-06
1171 6.9615847282090275e-06
1172 7.5930625873944574e-06
1173 7.5390364769959506e-06
1174 6.6674942717796915e-06
1175 7.124436188481048e-06
1176 7.357434912382261e-06
1177 6.6451305347831744e-06
1178 6.877338714807721e-06
1179 7.367175102448492e-06
1180 7.06306544465355e-06
1181 6.8934206389176395e-06
1182 7.070552164913289e-06
1183 7.250907698243883e-06
1184 7.056416752246256e-06
1185 6.549844259344783e-06
1186 6.927568182869744e-06
1187 7.447293336694772e-06
1188 6.649672039328123e-06
1189 6.333292666544823e-06
1190 7.053019224954663e-06
1191 6.841709735766199e-06
1192 6.568963368570256e-06
1193 7.0729441372881504e-06
1194 6.9384631144135405e-06
1195 6.863497612019821e-06
1196 7.351953754556828e-06
1197 7.1663854058886595e-06
1198 7.262943472203199e-06
1199 7.884204129377399e-06
1200 7.435832137879511e-06
1201 7.077688495414577e-06
1202 7.534741279951604e-06
1203 7.252114405615556e-06
1204 6.961732186933039e-06
1205 7.2562355660349966e-06
1206 7.0255012120810065e-06
1207 7.160830001353955e-06
1208 7.696042795700705e-06
1209 7.133305397329234e-06
1210 6.725035122545469e-06
1211 7.065954911791411e-06
1212 6.748782185157579e-06
1213 6.589305408726472e-06
1214 6.95539135344699e-06
1215 6.883991197489073e-06
1216 7.2279753792652355e-06
1217 7.50619009900502e-06
1218 6.807720304126752e-06
1219 7.2132853357285575e-06
1220 8.123561480748025e-06
1221 7.204737149694448e-06
1222 6.72920558514859e-06
1223 7.468995252048374e-06
1224 6.877197020625568e-06
1225 6.340663063187008e-06
1226 7.083613628594428e-06
1227 6.858391994603704e-06
1228 6.282334592076905e-06
1229 6.692192796395342e-06
1230 6.678648419133496e-06
1231 6.50185351835612e-06
1232 6.865861366971581e-06
1233 6.698290894089942e-06
1234 6.4276737231109714e-06
1235 6.633496241014191e-06
1236 6.577824852112692e-06
1237 6.5478692032275704e-06
1238 6.571572233118095e-06
1239 6.371428364892887e-06
1240 6.711920003875403e-06
1241 6.912512012236996e-06
1242 6.425723568802716e-06
1243 6.704106382340058e-06
1244 7.0515110801167615e-06
1245 6.476131061758516e-06
1246 6.712530926961107e-06
1247 7.168082616001197e-06
1248 6.391685639603087e-06
1249 6.3720904405752146e-06
1250 7.145984013730486e-06
1251 6.838832127215657e-06
1252 6.743107167618904e-06
1253 7.211765534822414e-06
1254 6.760783933138713e-06
1255 6.435509209592153e-06
1256 6.706472703538086e-06
1257 6.3851533552936195e-06
1258 5.978121478451385e-06
1259 5.740201111124097e-06
1260 5.463555540707074e-06
1261 5.848195640362686e-06
1262 5.937459969254342e-06
1263 5.3396990315823185e-06
1264 5.8702364411504895e-06
1265 6.526231363735353e-06
1266 5.884441861435213e-06
1267 6.0052717155233e-06
1268 6.746155809088111e-06
1269 6.2379492757422145e-06
1270 5.965642037254669e-06
1271 6.46632863089799e-06
1272 6.126121541890903e-06
1273 5.662182368002122e-06
1274 5.789869805675278e-06
1275 5.654259305941877e-06
1276 5.5147547486524355e-06
1277 5.6295288208919045e-06
1278 5.718506948821515e-06
1279 5.984856875466334e-06
1280 6.0705811294653375e-06
1281 6.04207427716927e-06
1282 6.410438862324186e-06
1283 6.259008053478507e-06
1284 5.6880658644059275e-06
1285 5.877860652805389e-06
1286 5.873238366917786e-06
1287 5.39731685549977e-06
1288 5.66091804060131e-06
1289 5.733555588506903e-06
1290 5.286141765638885e-06
1291 5.705871547170466e-06
1292 6.090554000349293e-06
1293 5.718758796574284e-06
1294 5.7817753770293e-06
1295 5.869803085893524e-06
1296 5.7001932867497085e-06
1297 5.9835635293551185e-06
1298 5.754610047626368e-06
1299 5.2810800953142065e-06
1300 5.925786129576247e-06
1301 6.076559750308828e-06
1302 5.245070643209772e-06
1303 5.527143733414831e-06
1304 6.152661452054114e-06
1305 5.788476600911128e-06
1306 5.638523595445278e-06
1307 5.8805658266789185e-06
1308 5.9515094281e-06
1309 5.9934770450267086e-06
1310 5.7590412816988864e-06
1311 5.866660131172852e-06
1312 6.4273287917217926e-06
1313 6.008886314025123e-06
1314 5.74301504851154e-06
1315 6.793640814008443e-06
1316 6.792505066167002e-06
1317 5.903065039853582e-06
1318 6.282681801134226e-06
1319 6.371291094138616e-06
1320 5.635783724308085e-06
1321 5.833864523302843e-06
1322 5.907256263630172e-06
1323 5.4515752063844315e-06
1324 5.8482067290152825e-06
1325 5.8852857831613725e-06
1326 5.28143776453536e-06
1327 5.651363389684739e-06
1328 5.864059488799007e-06
1329 5.296038829527378e-06
1330 5.4378659235316515e-06
1331 5.6482668361345285e-06
1332 5.321179351687344e-06
1333 5.3324839417053195e-06
1334 5.217499770355067e-06
1335 5.032352007969741e-06
1336 5.349230033167606e-06
1337 5.178243884702359e-06
1338 4.895347221922522e-06
1339 5.316919496141797e-06
1340 5.247900980031154e-06
1341 5.126319712457472e-06
1342 5.721257899752241e-06
1343 5.496550050940675e-06
1344 5.175906725824778e-06
1345 5.936517949434511e-06
1346 5.702507430519948e-06
1347 4.939321432299739e-06
1348 5.691775601856817e-06
1349 5.9900113072035554e-06
1350 5.225249232056934e-06
1351 5.4658258180721355e-06
1352 5.764465248972077e-06
1353 5.304397093237098e-06
1354 5.368904011198778e-06
1355 5.394207553268898e-06
1356 5.0218459526814666e-06
1357 5.103435030897387e-06
1358 4.996418242585785e-06
1359 4.7351162952930684e-06
1360 4.988747266902804e-06
1361 4.885841482265741e-06
1362 4.780809162266871e-06
1363 5.368128506921482e-06
1364 5.414614799829953e-06
1365 5.372130652785632e-06
1366 6.134661144618288e-06
1367 6.054267835825865e-06
1368 5.346526060944215e-06
1369 5.5747853998642544e-06
1370 5.54372488973808e-06
1371 4.8979002114244e-06
1372 4.869302114609323e-06
1373 4.824013466114221e-06
1374 4.5957780009780155e-06
1375 4.94997029255143e-06
1376 5.121839957173035e-06
1377 5.019267421872075e-06
1378 5.321902472106978e-06
1379 5.448143948794828e-06
1380 5.428911148160259e-06
1381 5.622715351175132e-06
1382 5.461421743738495e-06
1383 5.34308975277549e-06
1384 5.5145672432738555e-06
1385 5.194321126337501e-06
1386 5.0385561151967315e-06
1387 5.49906477137917e-06
1388 5.5585249924448425e-06
1389 5.414188574913704e-06
1390 5.4139494272455885e-06
1391 5.299772462241937e-06
1392 5.776450721283376e-06
1393 6.139873509814326e-06
1394 5.353656757757973e-06
1395 5.424602870815009e-06
1396 6.434141179728671e-06
1397 5.778905709002356e-06
1398 4.856761345872357e-06
1399 5.558436210704082e-06
1400 5.687356445242524e-06
1401 4.85185442253153e-06
1402 4.876392459553074e-06
1403 5.1491477797187695e-06
1404 5.00444951530731e-06
1405 5.003487574422835e-06
1406 4.900266371115644e-06
1407 4.777799461546034e-06
1408 4.87862882237577e-06
1409 4.664539899857941e-06
1410 4.441582232501072e-06
1411 4.634179430257489e-06
1412 4.676100048628895e-06
1413 4.6113474494481955e-06
1414 4.803100171327218e-06
1415 4.977785997941102e-06
1416 4.964729913689569e-06
1417 4.793112519250903e-06
1418 4.763988022372266e-06
1419 5.007257403052307e-06
1420 4.911782422022572e-06
1421 4.7913895655505635e-06
1422 5.2965320681173216e-06
1423 5.4451208350565564e-06
1424 5.176071457643822e-06
1425 5.596138381939542e-06
1426 5.88879768556832e-06
1427 5.543854472018793e-06
1428 5.63242117098642e-06
1429 5.885028227505058e-06
1430 5.72363713882599e-06
1431 5.396670620711442e-06
1432 5.150779678055363e-06
1433 5.799869745433707e-06
1434 6.41976550222434e-06
1435 5.808967336352577e-06
1436 7.1418205429934775e-06
1437 1.0131123775679119e-05
1438 9.500431656758911e-06
1439 8.879249307368816e-06
1440 1.2767686089369956e-05
1441 1.339180206063763e-05
1442 9.651707039938973e-06
1443 1.05765875164703e-05
1444 1.2338738857489067e-05
1445 8.629588184445827e-06
1446 6.799004127834829e-06
1447 8.538875644803877e-06
1448 7.351680215928883e-06
1449 5.797017650822964e-06
1450 6.739358153069913e-06
1451 6.711016463109301e-06
1452 6.4479778798608885e-06
1453 7.071147615618769e-06
1454 6.5943742696819865e-06
1455 6.4905839157519725e-06
1456 6.999227757300416e-06
1457 6.050922212237181e-06
1458 5.816862096201832e-06
1459 6.559710062338341e-06
1460 5.60602575393213e-06
1461 5.246687177361172e-06
1462 6.423542800129735e-06
1463 5.933273263158341e-06
1464 5.18221495425184e-06
1465 5.997307113009777e-06
1466 6.011315672282299e-06
1467 5.505762350037441e-06
1468 5.686530327049312e-06
1469 5.2844073644300765e-06
1470 5.055924873243306e-06
1471 5.4974987240175365e-06
1472 4.952727254689987e-06
1473 4.500963999508506e-06
1474 5.082967936488562e-06
1475 4.8471700944426985e-06
1476 4.316982445028703e-06
1477 4.822150552538235e-06
1478 5.032270925435078e-06
1479 4.63193696238406e-06
1480 4.559395892057289e-06
1481 4.608778800804239e-06
1482 4.600700054408736e-06
1483 4.440188062295929e-06
1484 4.154966385167218e-06
1485 4.378317566426822e-06
1486 4.6122547482140914e-06
1487 4.239964052323556e-06
1488 4.140123092726034e-06
1489 4.4334929151047625e-06
1490 4.566357745311816e-06
1491 4.655674110716913e-06
1492 4.5593319312885795e-06
1493 4.661973516985946e-06
1494 5.143138575858024e-06
1495 4.715444202488499e-06
1496 4.205523855078096e-06
1497 5.089979177331242e-06
1498 5.170024396485413e-06
1499 4.15881330808285e-06
1500 4.838496298520489e-06
1501 5.665433474862484e-06
1502 4.786126945056871e-06
1503 4.828721071593802e-06
1504 5.706852074067406e-06
1505 5.0773881251294e-06
1506 4.39893644454979e-06
1507 4.719941772896774e-06
1508 4.611680310909037e-06
1509 4.1207037661221655e-06
1510 3.846782734919804e-06
1511 3.921561091752392e-06
1512 4.421591191752763e-06
1513 4.3522063354712275e-06
1514 3.975624147330131e-06
1515 4.703668018533556e-06
1516 5.204467154835692e-06
1517 4.5623503729074625e-06
1518 4.585560048980655e-06
1519 4.988088010321083e-06
1520 4.508048864556557e-06
1521 4.198058467349985e-06
1522 4.257380441540308e-06
1523 4.011920070104142e-06
1524 4.036821886776971e-06
1525 4.1903764710598755e-06
1526 4.078586802827808e-06
1527 4.192170107444829e-06
1528 4.224763234162011e-06
1529 4.033329786868713e-06
1530 4.069309957855502e-06
1531 3.9436840002399395e-06
1532 3.958633759348581e-06
1533 4.474091965938477e-06
1534 4.373182208864077e-06
1535 4.152849215855168e-06
1536 4.845179991275285e-06
1537 4.933553384089062e-06
1538 4.3386758172573704e-06
1539 4.603556494578559e-06
1540 4.7430236106456755e-06
1541 4.265067895183561e-06
1542 4.326303106481555e-06
1543 4.343917698132805e-06
1544 4.153837982588507e-06
1545 4.4500471132471505e-06
1546 4.264068322866408e-06
1547 3.885803968623348e-06
1548 4.382038673182561e-06
1549 4.355469065877967e-06
1550 3.821989760734456e-06
1551 4.230192839004032e-06
1552 4.315813555691808e-06
1553 3.8146368535888226e-06
1554 4.190470650466824e-06
1555 4.3299734200465705e-06
1556 3.882190024682359e-06
1557 4.287738230135734e-06
1558 4.431087292944018e-06
1559 3.85856520682698e-06
1560 4.228490321583045e-06
1561 4.568256406698762e-06
1562 3.8922199512046235e-06
1563 3.772205594033805e-06
1564 4.096070840912268e-06
1565 3.926160367475703e-06
1566 3.891952026391895e-06
1567 3.9197178081508855e-06
1568 3.841004386944449e-06
1569 4.10232761420703e-06
1570 4.0512930843817505e-06
1571 3.694303394132859e-06
1572 3.9088161852037185e-06
1573 4.0691847552344534e-06
1574 3.9101073645053645e-06
1575 4.125862265900087e-06
1576 4.272015252748989e-06
1577 4.222695256984051e-06
1578 4.396345459906983e-06
1579 4.253040808873651e-06
1580 3.992029917359642e-06
1581 4.14939595103502e-06
1582 4.038705405742497e-06
1583 3.78118853824393e-06
1584 3.886693058042076e-06
1585 3.8076053508963107e-06
1586 3.808453161605363e-06
1587 4.114317025099623e-06
1588 3.982800171771154e-06
1589 4.014156525108104e-06
1590 4.46234672353588e-06
1591 4.174884757490144e-06
1592 3.905381647306697e-06
1593 4.365727683514514e-06
1594 4.212460179798399e-06
1595 3.8490391916126906e-06
1596 4.172501582917454e-06
1597 4.054643614714443e-06
1598 3.7977309585480065e-06
1599 4.23915999525544e-06
1600 4.2582381591097824e-06
1601 4.058800539791508e-06
1602 4.4139241489992305e-06
1603 4.216579311384631e-06
1604 3.7629470940479378e-06
1605 4.083293480441533e-06
1606 4.0954846940062195e-06
1607 3.682498732680902e-06
1608 3.82988743658989e-06
1609 3.915498099226442e-06
1610 3.732558634463101e-06
1611 3.8277274298362046e-06
1612 3.856171435724544e-06
1613 3.934851547013084e-06
1614 4.144068895878464e-06
1615 3.9226571032405045e-06
1616 3.909364016233629e-06
1617 4.311233421970399e-06
1618 4.115941941912767e-06
1619 3.894853127100017e-06
1620 4.19380207808369e-06
1621 4.044179189161426e-06
1622 3.7735413724801234e-06
1623 3.9302730111397595e-06
1624 3.792816044494298e-06
1625 3.679842646349966e-06
1626 3.903133959469676e-06
1627 3.734409775472306e-06
1628 3.598998572947091e-06
1629 3.7846552975692895e-06
1630 3.6529713313444594e-06
1631 3.7028618722524996e-06
1632 3.9473432157433324e-06
1633 3.6163802204498664e-06
1634 3.5315487799243328e-06
1635 3.8346559502346675e-06
1636 3.5496932278641673e-06
1637 3.5081079604533773e-06
1638 3.90776767061661e-06
1639 3.5611051935461683e-06
1640 3.3403540120972198e-06
1641 3.804723907591241e-06
1642 3.6670870865931873e-06
1643 3.380738832547238e-06
1644 3.6371975207144448e-06
1645 3.517983792376384e-06
1646 3.3366381347448177e-06
1647 3.594047005128147e-06
1648 3.5658023488474423e-06
1649 3.589024162148449e-06
1650 3.901527564550554e-06
1651 3.7509286517035183e-06
1652 3.647621052980226e-06
1653 3.898803138151842e-06
1654 3.7214859497107996e-06
1655 3.5520438181482117e-06
1656 3.708254709587755e-06
1657 3.5240096040513655e-06
1658 3.396835702649707e-06
1659 3.5572594119480823e-06
1660 3.48368642350956e-06
1661 3.5948219508455304e-06
1662 3.829316207869481e-06
1663 3.597758613208565e-06
1664 3.5882783277276795e-06
1665 3.86073435059696e-06
1666 3.681938271812316e-06
1667 3.591640576122655e-06
1668 3.6940407626111194e-06
1669 3.4356157534647632e-06
1670 3.3771405924721024e-06
1671 3.507228521017202e-06
1672 3.3481881859569857e-06
1673 3.557177542304284e-06
1674 3.911746212273655e-06
1675 3.7364809514943273e-06
1676 3.8172987605273e-06
1677 4.082485912359104e-06
1678 3.82254080904209e-06
1679 3.818190331085552e-06
1680 4.049933679167321e-06
1681 3.7329482111971985e-06
1682 3.600836880273533e-06
1683 3.812050970231199e-06
1684 3.6171254593163475e-06
1685 3.4863674656749042e-06
1686 3.6266249470094407e-06
1687 3.6188740725606394e-06
1688 3.696341015991491e-06
1689 3.6194355515521904e-06
1690 3.3534717791071102e-06
1691 3.6513234259774797e-06
1692 3.813211363870478e-06
1693 3.2961021451250137e-06
1694 3.3443726270284777e-06
1695 3.6903229216575814e-06
1696 3.3205350970973295e-06
1697 3.224457221098774e-06
1698 3.5723402428931443e-06
1699 3.3340930033244082e-06
1700 3.0981931996747187e-06
1701 3.3734577778846726e-06
1702 3.4714940538482307e-06
1703 3.355439936459602e-06
1704 3.2640873017354505e-06
1705 3.2326554879872258e-06
1706 3.3522885778020937e-06
1707 3.242847645806526e-06
1708 3.047776609985839e-06
1709 3.3567253449082967e-06
1710 3.5232383038609215e-06
1711 3.2661981528281757e-06
1712 3.444938862907028e-06
1713 3.7498541385047035e-06
1714 3.600485831854739e-06
1715 3.5116420680904463e-06
1716 3.522662781903586e-06
1717 3.443899325099266e-06
1718 3.439158162008236e-06
1719 3.2757364753867782e-06
1720 3.193393398576631e-06
1721 3.500298537169042e-06
1722 3.55346997106517e-06
1723 3.51745257759861e-06
1724 3.814233095349774e-06
1725 3.7120184570894206e-06
1726 3.585305180388345e-06
1727 4.0678260194041074e-06
1728 3.993180366600325e-06
1729 3.5140831260849417e-06
1730 3.798997125062224e-06
1731 3.885102307272967e-06
1732 3.514248504263396e-06
1733 3.7814957849047477e-06
1734 3.95730899147801e-06
1735 3.683381306172846e-06
1736 3.906256537297059e-06
1737 4.049361496339915e-06
1738 3.814681984057926e-06
1739 3.974828644310605e-06
1740 3.924839189641306e-06
1741 3.514785166059179e-06
1742 3.5788715171314575e-06
1743 3.5295234398017127e-06
1744 3.2760207592819507e-06
1745 3.573160240741494e-06
1746 3.6175965187764384e-06
1747 3.312354690694851e-06
1748 3.650616056229013e-06
1749 3.829872814930754e-06
1750 3.4461380767097653e-06
1751 3.5242341857548735e-06
1752 3.6596627942292162e-06
1753 3.4053431630225533e-06
1754 3.422459426508716e-06
1755 3.442483147026706e-06
1756 3.275814051487437e-06
1757 3.346478787433045e-06
1758 3.2730994301767553e-06
1759 3.1302814222092096e-06
1760 3.347087450983647e-06
1761 3.4134805548710815e-06
1762 3.4544435639240482e-06
1763 3.743356368508993e-06
1764 3.636148701379624e-06
1765 3.5834440736140806e-06
1766 3.951310654858752e-06
1767 3.7066051993138305e-06
1768 3.337301857717171e-06
1769 3.6479210343799685e-06
1770 3.5740029404138803e-06
1771 3.242669621363031e-06
1772 3.427365126966771e-06
1773 3.3482277090263927e-06
1774 3.28145516285825e-06
1775 3.708876808873717e-06
1776 3.4928200435429255e-06
1777 3.160651190380652e-06
1778 3.6547089531146913e-06
1779 3.619778336185476e-06
1780 3.1557632304841646e-06
1781 3.4230085415563686e-06
1782 3.4273262392988313e-06
1783 3.1273506305534443e-06
1784 3.4559000235847323e-06
1785 3.4904003933039422e-06
1786 3.33434413388188e-06
1787 3.879153661859814e-06
1788 3.961003349790825e-06
1789 3.606045530607222e-06
1790 4.0169955447375435e-06
1791 4.123891477243038e-06
1792 3.577180819808822e-06
1793 3.6033354026012623e-06
1794 3.6464034559469696e-06
1795 3.369257509775496e-06
1796 3.571811521537564e-06
1797 3.6108836171034606e-06
1798 3.3208376047964952e-06
1799 3.6075445398223776e-06
1800 3.7601908202680776e-06
1801 3.3351588652485877e-06
1802 3.3062297811086757e-06
1803 3.4866845692246236e-06
1804 3.337206143934467e-06
1805 3.2135570047029716e-06
1806 3.1235832959056507e-06
1807 3.097209923625014e-06
1808 3.2386598303064635e-06
1809 3.1520745068503884e-06
1810 3.087900446394687e-06
1811 3.350709781881834e-06
1812 3.3662962002213924e-06
1813 3.256151581837109e-06
1814 3.4318790007816515e-06
1815 3.439293745021445e-06
1816 3.2881204507281283e-06
1817 3.2859037301819972e-06
1818 3.2377562948526033e-06
1819 3.304600043431168e-06
1820 3.4909045997896924e-06
1821 3.4966932458156773e-06
1822 3.6562361849422227e-06
1823 3.823545077590385e-06
1824 3.5638199700090072e-06
1825 3.492897215280438e-06
1826 3.61824586617674e-06
1827 3.3686302720633965e-06
1828 3.2797043742723864e-06
1829 3.3302829056237845e-06
1830 3.042454600630098e-06
1831 3.122608793532942e-06
1832 3.3719043653698035e-06
1833 3.0769024709883786e-06
1834 3.168324114754897e-06
1835 3.575870305437662e-06
1836 3.310081345788034e-06
1837 3.2939876602949016e-06
1838 3.6857101658815056e-06
1839 3.4214681142791862e-06
1840 3.345386080407869e-06
1841 3.7072719523749078e-06
1842 3.3379619214596953e-06
1843 3.0701122111911626e-06
1844 3.4676529029370957e-06
1845 3.301067668478684e-06
1846 3.0070801768192995e-06
1847 3.315091562591599e-06
1848 3.3341670336184843e-06
1849 3.1870531774787755e-06
1850 3.372906776523623e-06
1851 3.395615591692253e-06
1852 3.431107697118394e-06
1853 3.5196448192386204e-06
1854 3.216284981376379e-06
1855 3.1671271777958217e-06
1856 3.4425349729730463e-06
1857 3.3221104734857007e-06
1858 3.3598402922905633e-06
1859 3.6664625250496042e-06
1860 3.581368749985983e-06
1861 3.6889674311321146e-06
1862 4.010078161201153e-06
1863 3.7821134725193734e-06
1864 3.6366423752892814e-06
1865 3.750826990339074e-06
1866 3.4668302436175405e-06
1867 3.3240042621368876e-06
1868 3.3587854998080855e-06
1869 3.0535002851446217e-06
1870 3.151882941900783e-06
1871 3.4764080814200973e-06
1872 3.2119345055736677e-06
1873 3.3028869596073146e-06
1874 3.809564752682384e-06
1875 3.596668902186237e-06
1876 3.3673619445375328e-06
1877 3.605732955097747e-06
1878 3.4515069833904813e-06
1879 3.2053945761013696e-06
1880 3.208466308027035e-06
1881 3.0688682543288146e-06
1882 3.1352878264691186e-06
1883 3.2389485843533026e-06
1884 2.9842568647225582e-06
1885 3.1638469788015384e-06
1886 3.492632309031017e-06
1887 3.152831354154532e-06
1888 3.1291703009011565e-06
1889 3.4983843312416223e-06
1890 3.1820928120001382e-06
1891 2.951006914924359e-06
1892 3.273360379228432e-06
1893 3.156780955637668e-06
1894 2.9589695095986454e-06
1895 3.221520164629042e-06
1896 3.210740606345622e-06
1897 3.0018418233466076e-06
1898 3.1211393064078185e-06
1899 3.2297996647984743e-06
1900 3.141012493739096e-06
1901 3.054256019675201e-06
1902 3.1189882891831373e-06
1903 3.2588840155257745e-06
1904 3.1029244290823345e-06
1905 2.9539135029321613e-06
1906 3.240514751503981e-06
1907 3.2655380544359917e-06
1908 2.9727705635231163e-06
1909 3.099357020533383e-06
1910 3.154809169164158e-06
1911 2.972282932913097e-06
1912 3.2084172999437694e-06
1913 3.2598077552237268e-06
1914 2.9907414226447633e-06
1915 3.298935045659387e-06
1916 3.4776811648068235e-06
1917 3.0752478908119616e-06
1918 3.2001220830112243e-06
1919 3.524187048923814e-06
1920 3.349914983400611e-06
1921 3.382787040574647e-06
1922 3.523942824067223e-06
1923 3.462832448821253e-06
1924 3.6730404851709266e-06
1925 3.6785533666012895e-06
1926 3.408351443502515e-06
1927 3.6980932647522135e-06
1928 3.81491160062198e-06
1929 3.3441527207674535e-06
1930 3.3955718577536844e-06
1931 3.580203116232833e-06
1932 3.270606669204866e-06
1933 3.310575931437135e-06
1934 3.489578322567523e-06
1935 3.3578539821079635e-06
1936 3.5452453846705755e-06
1937 3.6351095727450524e-06
1938 3.359691276875405e-06
1939 3.574715537673615e-06
1940 3.6882554339278495e-06
1941 3.2070536157137203e-06
1942 3.2560585338804093e-06
1943 3.502961380162734e-06
1944 3.0883233295619343e-06
1945 2.9302402750177356e-06
1946 3.1939484484977293e-06
1947 3.1312812855889638e-06
1948 3.088495930220378e-06
1949 3.1985699563993435e-06
1950 3.1459993492026417e-06
1951 3.153488828253326e-06
1952 3.1127997226405925e-06
1953 2.9317845016438205e-06
1954 2.970319938186629e-06
1955 3.0476555665986486e-06
1956 3.056460611583257e-06
1957 3.187510951658724e-06
1958 3.1804137610406655e-06
1959 3.205984576486539e-06
1960 3.434915968325846e-06
1961 3.30349980643153e-06
1962 3.194401538246152e-06
1963 3.5403128121450376e-06
1964 3.419766930914498e-06
1965 3.0700852813419026e-06
1966 3.3485071021625883e-06
1967 3.3582599863408147e-06
1968 2.9808857865410004e-06
1969 3.222605610879855e-06
1970 3.4566420172248766e-06
1971 3.21913716143701e-06
1972 3.2493039985461493e-06
1973 3.3425162119532727e-06
1974 3.242664741773277e-06
1975 3.2373040240756202e-06
1976 3.0559848792601047e-06
1977 2.964037670774394e-06
1978 3.2244834355288124e-06
1979 3.0841196370872404e-06
1980 2.9294696022293343e-06
1981 3.345504721107902e-06
1982 3.27843703513958e-06
1983 2.9424961083082354e-06
1984 3.349655628432523e-06
1985 3.464140269127379e-06
1986 3.0344237923405005e-06
1987 3.227568495560841e-06
1988 3.4369235281153175e-06
1989 3.114529343505291e-06
1990 3.113887142732269e-06
1991 3.1883626335661845e-06
1992 2.936567208460739e-06
1993 2.8984914442332963e-06
1994 2.900360817908088e-06
1995 2.799622424534143e-06
1996 2.9550202554897836e-06
1997 3.000156012695459e-06
1998 2.9042841684614725e-06
1999 3.076980384725985e-06
2000 3.1146205081209704e-06
2001 3.014989430825401e-06
2002 3.1911293779262136e-06
2003 3.226030855241046e-06
2004 3.0891311403141972e-06
2005 3.146211724671155e-06
2006 3.0902363033972484e-06
2007 3.0145946294248084e-06
2008 3.1822014982164105e-06
2009 3.1716439307327442e-06
2010 3.091627259098572e-06
2011 3.220803404742011e-06
2012 3.2193900145174685e-06
2013 3.2061013901879755e-06
2014 3.2315391821678785e-06
2015 3.0032717195439147e-06
2016 3.035046245508994e-06
2017 3.27182147335519e-06
2018 2.9748765200761542e-06
2019 2.8577119115478866e-06
2020 3.2819631420544536e-06
2021 3.1832233341777617e-06
2022 2.864399884653334e-06
2023 3.096781581784948e-06
2024 3.2012530020600908e-06
2025 3.003367823062556e-06
2026 2.9374598834296012e-06
2027 2.9099152579170843e-06
2028 3.0384216998968864e-06
2029 3.116678848268819e-06
2030 2.9158356469147935e-06
2031 3.1965214973319854e-06
2032 3.611058963477745e-06
2033 3.241528968641104e-06
2034 3.1550645653756593e-06
2035 3.604564304210975e-06
2036 3.299971326544894e-06
2037 2.9929213884149456e-06
2038 3.3823128631222874e-06
2039 3.228235482284379e-06
2040 2.8752322811590716e-06
2041 3.1852177689096127e-06
2042 3.1775048346096105e-06
2043 2.899382947671862e-06
2044 3.131851409452544e-06
2045 3.169880541748284e-06
2046 2.9459806740119506e-06
2047 3.0907540412078222e-06
2048 3.153678828005555e-06
2049 3.0014373697856634e-06
2050 2.96980399182012e-06
2051 2.8950491841246828e-06
2052 2.905239722773763e-06
2053 2.952337405475616e-06
2054 2.7342050291849682e-06
2055 2.759942513623592e-06
2056 2.9779314686588257e-06
2057 2.773105662909177e-06
2058 2.7294115422053354e-06
2059 2.9680684609474237e-06
2060 2.819053788659606e-06
2061 2.887384545042869e-06
2062 3.2567220349835283e-06
2063 2.993030926885543e-06
2064 2.808507906018379e-06
2065 3.2413496828256964e-06
2066 3.1938738726178116e-06
2067 2.847790069744899e-06
2068 2.9979567352142707e-06
2069 3.0512466221723407e-06
2070 2.8783071300910436e-06
2071 2.9554201699457986e-06
2072 3.0080072249448087e-06
2073 2.9203662611176664e-06
2074 2.852542947447476e-06
2075 2.777713605466305e-06
2076 2.831988787617536e-06
2077 2.8270192416387874e-06
2078 2.650949116034071e-06
2079 2.782661663189536e-06
2080 2.965582850955821e-06
2081 2.8779249556670973e-06
2082 3.1349849335708747e-06
2083 3.457742305195941e-06
2084 3.275213079294159e-06
2085 3.302006184792791e-06
2086 3.485123396577218e-06
2087 3.1668418554749473e-06
2088 3.018765533865255e-06
2089 3.139816964289045e-06
2090 2.8392095965994714e-06
2091 2.689354818918216e-06
2092 2.904709271664679e-06
2093 2.8017646545280487e-06
2094 2.7851322888961766e-06
2095 3.132702893154584e-06
2096 3.1919883947249706e-06
2097 3.0672895178759e-06
2098 3.124474237345212e-06
2099 3.258781260295301e-06
2100 3.4237599670184622e-06
2101 3.31981463049564e-06
2102 3.0295834395233418e-06
2103 3.183801089510852e-06
2104 3.3442903338965245e-06
2105 3.057604688037164e-06
2106 3.062480602205305e-06
2107 3.2931314218232815e-06
2108 3.193160498997209e-06
2109 3.185131450808137e-06
2110 3.220115882899553e-06
2111 3.0435651832779593e-06
2112 3.1982240261034154e-06
2113 3.3752632225008306e-06
2114 3.086257334988362e-06
2115 3.1043756601169415e-06
2116 3.3809733138849444e-06
2117 3.136693997701403e-06
2118 2.9432522034591874e-06
2119 3.1845588165502344e-06
2120 3.2042761278381233e-06
2121 3.039314947874757e-06
2122 3.077394708642604e-06
2123 3.137456200326886e-06
2124 3.0984527149542926e-06
2125 3.03621802063286e-06
2126 3.043969465255395e-06
2127 3.0904416843984313e-06
2128 2.9931262755296894e-06
2129 2.9071210118290002e-06
2130 2.9990214728586894e-06
2131 3.0535146444648363e-06
2132 3.112385815091385e-06
2133 3.1928817504242327e-06
2134 3.1822452691348917e-06
2135 3.393886071560707e-06
2136 3.5396541932935227e-06
2137 3.1911406859653756e-06
2138 3.250808473204155e-06
2139 3.6940042976610096e-06
2140 3.3934571268932376e-06
2141 3.2279371148946237e-06
2142 3.836307855691584e-06
2143 3.837130106870076e-06
2144 3.570608340088511e-06
2145 4.063659110404474e-06
2146 4.237259915716673e-06
2147 3.899817075749145e-06
2148 3.991653397428978e-06
2149 4.163491962368993e-06
2150 4.1328428940650915e-06
2151 3.913516552643309e-06
2152 3.7806948209960916e-06
2153 4.724327210730234e-06
2154 5.387336780103213e-06
2155 4.556529081690938e-06
2156 5.5317935310535635e-06
2157 7.967287078713783e-06
2158 7.175759740408448e-06
2159 6.162269219205024e-06
2160 8.62401682104899e-06
2161 8.856915660390671e-06
2162 6.023637169314694e-06
2163 6.412686909798628e-06
2164 7.621601376086457e-06
2165 5.437188271770715e-06
2166 4.2775183937624155e-06
2167 5.354318472949227e-06
2168 4.910164249591161e-06
2169 4.126013784196614e-06
2170 4.614710782442256e-06
2171 4.692175549318191e-06
2172 4.516423308572403e-06
2173 4.603521527050686e-06
2174 4.3727208494232855e-06
2175 4.404345185127313e-06
2176 4.398067062178474e-06
2177 3.815694392532006e-06
2178 3.949284933103861e-06
2179 4.3066876319658136e-06
2180 3.677342677750961e-06
2181 3.627075809095159e-06
2182 4.3008287806752676e-06
2183 3.96589039710556e-06
2184 3.5484592589679624e-06
2185 3.917679431706606e-06
2186 3.852493532908155e-06
2187 3.5089483855142376e-06
2188 3.507159555573161e-06
2189 3.310214652451937e-06
2190 3.162102797966108e-06
2191 3.2873251942168794e-06
2192 3.139757235027032e-06
2193 3.136782170742029e-06
2194 3.5200901176778246e-06
2195 3.4812337593761538e-06
2196 3.2179200061141234e-06
2197 3.3824831744467535e-06
2198 3.5109079531716356e-06
2199 3.2464623530511704e-06
2200 3.029963957640532e-06
2201 3.0627300934116687e-06
2202 3.0421604239799116e-06
2203 2.8401827010966513e-06
2204 2.809045327338112e-06
2205 2.9836985984594503e-06
2206 2.949061750933062e-06
2207 2.8549521945876467e-06
2208 3.014180675469241e-06
2209 3.0781885639927744e-06
2210 2.948348894334811e-06
2211 2.917823047652325e-06
2212 2.959377172045448e-06
2213 3.0156316761488674e-06
2214 2.9935828918019614e-06
2215 2.811216103808701e-06
2216 2.8750633974223153e-06
2217 3.098249907674531e-06
2218 2.937154302226871e-06
2219 2.8730983774303126e-06
2220 3.2175275775444555e-06
2221 3.224267022064256e-06
2222 2.9825914503117256e-06
2223 3.057932677932604e-06
2224 3.0756631057295744e-06
2225 2.8372394373789426e-06
2226 2.6301773239623e-06
2227 2.5468898839007534e-06
2228 2.668054609332819e-06
2229 2.708276812463513e-06
2230 2.537534642003923e-06
2231 2.76567153235464e-06
2232 3.0923284047066416e-06
2233 2.86261255113817e-06
2234 2.9252807595990606e-06
2235 3.351801633595277e-06
2236 3.1143137479565916e-06
2237 2.891343789567154e-06
2238 3.196905659035306e-06
2239 2.9601222547588817e-06
2240 2.580226526658426e-06
2241 2.8624413208405378e-06
2242 2.869553546058244e-06
2243 2.507150615209695e-06
2244 2.643051876928572e-06
2245 2.8294743298625897e-06
2246 2.6623069327598856e-06
2247 2.54278605912706e-06
2248 2.572936167500408e-06
2249 2.720692569650296e-06
2250 2.785670968015271e-06
2251 2.6687595023847258e-06
2252 2.886496699989179e-06
2253 3.1270419340476123e-06
2254 2.837652696672256e-06
2255 2.890077625305209e-06
2256 3.3190685689664257e-06
2257 3.0454176252484098e-06
2258 2.7335253210586477e-06
2259 3.0333751555507843e-06
2260 3.031726438487096e-06
2261 2.808640460112805e-06
2262 2.8912511059359373e-06
2263 2.805524950153037e-06
2264 2.7144303801559285e-06
2265 2.842254345430263e-06
2266 2.6946476348435023e-06
2267 2.676892781734553e-06
2268 3.011548667060168e-06
2269 2.9279242652470035e-06
2270 2.742486602058795e-06
2271 2.9252985054401274e-06
2272 2.872795870864086e-06
2273 2.7310473248012524e-06
2274 2.8578241857726354e-06
2275 2.743155913737807e-06
2276 2.5704175898893945e-06
2277 2.6578357611646164e-06
2278 2.5550884825370856e-06
2279 2.4536622123911243e-06
2280 2.62452523850131e-06
2281 2.6092867820715983e-06
2282 2.5454554447193654e-06
2283 2.675870051817025e-06
2284 2.6684599926959063e-06
2285 2.673478679423199e-06
2286 2.78285585382073e-06
2287 2.692365504948922e-06
2288 2.6864041830258564e-06
2289 2.794384228071365e-06
2290 2.6351751334754223e-06
2291 2.55352612902283e-06
2292 2.6542277551828337e-06
2293 2.5668265909603806e-06
2294 2.5887989290288405e-06
2295 2.722745158168365e-06
2296 2.603063682532436e-06
2297 2.608758766299966e-06
2298 2.752027499927002e-06
2299 2.5807891563206104e-06
2300 2.4505264521632778e-06
2301 2.492191067443771e-06
2302 2.3959885973738347e-06
2303 2.4128918009062127e-06
2304 2.5082351435293245e-06
2305 2.4568747357719317e-06
2306 2.6208288010033955e-06
2307 2.7550457885574417e-06
2308 2.57895591327561e-06
2309 2.6968556447780866e-06
2310 2.86951388049692e-06
2311 2.556815166522998e-06
2312 2.5063854421815532e-06
2313 2.7704567045730822e-06
2314 2.603130309048565e-06
2315 2.4376729669282604e-06
2316 2.5993298948657906e-06
2317 2.582947088710374e-06
2318 2.523630300894815e-06
2319 2.553490213525544e-06
2320 2.4769745322567155e-06
2321 2.526508243827386e-06
2322 2.6015220595800982e-06
2323 2.437717059420033e-06
2324 2.4156639466168906e-06
2325 2.4895077047338503e-06
2326 2.366470182580794e-06
2327 2.367974686738772e-06
2328 2.4614447885947875e-06
2329 2.4245888633159517e-06
2330 2.5021087155455473e-06
2331 2.556868765361217e-06
2332 2.5167360886055362e-06
2333 2.6893508460592146e-06
2334 2.7193420756045967e-06
2335 2.517332430820295e-06
2336 2.6151825187117964e-06
2337 2.6734703532827187e-06
2338 2.4609486484461398e-06
2339 2.5215134587818133e-06
2340 2.5824109506277668e-06
2341 2.386102879780492e-06
2342 2.4551176622852484e-06
2343 2.5317538046453194e-06
2344 2.383269120596035e-06
2345 2.5182052530671775e-06
2346 2.6397433012569726e-06
2347 2.4757169355328667e-06
2348 2.541897596729349e-06
2349 2.621983647499374e-06
2350 2.529390339686168e-06
2351 2.63181595228737e-06
2352 2.5710099745667358e-06
2353 2.3801287957474425e-06
2354 2.641085086733923e-06
2355 2.703432934629325e-06
2356 2.4169580083288004e-06
2357 2.6742475650321972e-06
2358 2.865320279061966e-06
2359 2.4463633102424053e-06
2360 2.4546497780440056e-06
2361 2.7519560074693145e-06
2362 2.552762204791188e-06
2363 2.4093522541001413e-06
2364 2.510734648842388e-06
2365 2.479669729656803e-06
2366 2.5324725823702387e-06
2367 2.538585309694732e-06
2368 2.422875643298112e-06
2369 2.6011186762015027e-06
2370 2.71611373443212e-06
2371 2.5205603549890787e-06
2372 2.5514394868252952e-06
2373 2.6142539290497464e-06
2374 2.469761987822766e-06
2375 2.4952883763724974e-06
2376 2.46829367552428e-06
2377 2.3271975467006116e-06
2378 2.521880201489569e-06
2379 2.6590612975530776e-06
2380 2.5701693421079797e-06
2381 2.7482768602780114e-06
2382 2.83987960849057e-06
2383 2.640969935466823e-06
2384 2.670139714656217e-06
2385 2.684836390785134e-06
2386 2.5131793748608593e-06
2387 2.541693638130544e-06
2388 2.5310214635300563e-06
2389 2.425775643709506e-06
2390 2.534572169259634e-06
2391 2.45059535051909e-06
2392 2.304892519405963e-06
2393 2.5610992832063825e-06
2394 2.5755956255644954e-06
2395 2.324458698068223e-06
2396 2.5402282097469573e-06
2397 2.6735251682628446e-06
2398 2.4401669044979204e-06
2399 2.55911298546307e-06
2400 2.7119353609443504e-06
2401 2.5054957984196762e-06
2402 2.475250311489306e-06
2403 2.516401874807435e-06
2404 2.392024153815462e-06
2405 2.406475779808286e-06
2406 2.419648179595508e-06
2407 2.415744970987481e-06
2408 2.553369178091392e-06
2409 2.42409260554822e-06
2410 2.2647823453649087e-06
2411 2.5412766584315272e-06
2412 2.5899895476738525e-06
2413 2.3553728670540617e-06
2414 2.540721371670664e-06
2415 2.6620429399889373e-06
2416 2.412437727863616e-06
2417 2.441371485197332e-06
2418 2.536387243862449e-06
2419 2.3438148763355107e-06
2420 2.307121073547471e-06
2421 2.376691633238999e-06
2422 2.289450369930053e-06
2423 2.2495868165468975e-06
2424 2.248436880772242e-06
2425 2.2227407882951144e-06
2426 2.2303442215096003e-06
2427 2.1692042805972867e-06
2428 2.189431580978887e-06
2429 2.29836406806911e-06
2430 2.2155342417121428e-06
2431 2.2079044519407108e-06
2432 2.4117418767054387e-06
2433 2.3873211815469013e-06
2434 2.2976989680306225e-06
2435 2.3736260981604908e-06
2436 2.2915697422655825e-06
2437 2.242490158601616e-06
2438 2.3814525231653034e-06
2439 2.3430260688284172e-06
2440 2.346310443278492e-06
2441 2.5238810338683077e-06
2442 2.4910302752597187e-06
2443 2.489258300538338e-06
2444 2.6111996387202307e-06
2445 2.451717709748995e-06
2446 2.39342479068134e-06
2447 2.549560409456537e-06
2448 2.3659674928210893e-06
2449 2.222255419052908e-06
2450 2.390900222077437e-06
2451 2.2985665073548615e-06
2452 2.22114722906256e-06
2453 2.4454945111868383e-06
2454 2.4303846334748807e-06
2455 2.364478690910109e-06
2456 2.531544302370598e-06
2457 2.4880280343810776e-06
2458 2.406489515956137e-06
2459 2.470213971958535e-06
2460 2.3652373287315494e-06
2461 2.3834085001771873e-06
2462 2.5523679616978718e-06
2463 2.3880696313645953e-06
2464 2.3249854277208834e-06
2465 2.514078406398628e-06
2466 2.4065640300287434e-06
2467 2.3126194953682118e-06
2468 2.403248052330692e-06
2469 2.230672929313307e-06
2470 2.1792817562658095e-06
2471 2.347600772901817e-06
2472 2.227881326325571e-06
2473 2.2166204819745323e-06
2474 2.399767114147354e-06
2475 2.2573129414874664e-06
2476 2.260043469376159e-06
2477 2.5121531257984484e-06
2478 2.3866524998069743e-06
2479 2.2721393135551263e-06
2480 2.389649683695358e-06
2481 2.3033778524716033e-06
2482 2.377289669317393e-06
2483 2.5194946438226616e-06
2484 2.252840554685246e-06
2485 2.2976126274649144e-06
2486 2.6229315609409363e-06
2487 2.3464308279546415e-06
2488 2.1832187596259003e-06
2489 2.5019800210924153e-06
2490 2.39647757035e-06
2491 2.2176222369816023e-06
2492 2.394623634251382e-06
2493 2.2803180447924754e-06
2494 2.2239370745027026e-06
2495 2.4887783873873116e-06
2496 2.3416549887109606e-06
2497 2.1689592487797704e-06
2498 2.440245846286214e-06
2499 2.4264905588015547e-06
2500 2.2161469193258276e-06
2501 2.2683931538676364e-06
2502 2.251342026069659e-06
2503 2.282612798407053e-06
2504 2.4483189000029666e-06
2505 2.323030925151426e-06
2506 2.286552913684429e-06
2507 2.5421190452670345e-06
2508 2.4943676826653123e-06
2509 2.350063309422392e-06
2510 2.4298290820532134e-06
2511 2.35808489151077e-06
2512 2.2780728781478156e-06
2513 2.341244593273111e-06
2514 2.2416682915599336e-06
2515 2.238630703810231e-06
2516 2.4103343407064916e-06
2517 2.3653916881578177e-06
2518 2.3438412369620753e-06
2519 2.4643468870244303e-06
2520 2.3828452493514695e-06
2521 2.292159127605638e-06
2522 2.3203330552517735e-06
2523 2.2354191486810177e-06
2524 2.191387802352678e-06
2525 2.223200431563793e-06
2526 2.2447513962679398e-06
2527 2.3750043525776594e-06
2528 2.3645503295567657e-06
2529 2.218668143185195e-06
2530 2.3746657250319733e-06
2531 2.4344909655964157e-06
2532 2.1913983226074695e-06
2533 2.2513958895646694e-06
2534 2.3318450417235293e-06
2535 2.1350976264365173e-06
2536 2.268034141067956e-06
2537 2.4217568409273613e-06
2538 2.2045079852938424e-06
2539 2.3287050041629083e-06
2540 2.5601717015389165e-06
2541 2.3240136616001436e-06
2542 2.3161290339722095e-06
2543 2.5192175096795803e-06
2544 2.3351583460037464e-06
2545 2.2454643357918312e-06
2546 2.3283230699411404e-06
2547 2.2077515223339978e-06
2548 2.2779645372050515e-06
2549 2.3755196353533484e-06
2550 2.1874502012341147e-06
2551 2.3185395971625535e-06
2552 2.5543955160369407e-06
2553 2.3356762120852776e-06
2554 2.3150998082906494e-06
2555 2.5144419108150653e-06
2556 2.3437193667129924e-06
2557 2.2825541098202987e-06
2558 2.446011393699295e-06
2559 2.3303062336488433e-06
2560 2.293545236939743e-06
2561 2.41145980298621e-06
2562 2.263885632784949e-06
2563 2.190909504762519e-06
2564 2.3209272893175928e-06
2565 2.268359268200789e-06
2566 2.233678297742054e-06
2567 2.3235071332554637e-06
2568 2.3225269887958513e-06
2569 2.346126306600462e-06
2570 2.3547642612866505e-06
2571 2.266304414887597e-06
2572 2.2724585932537536e-06
2573 2.2435660170493057e-06
2574 2.16159507624547e-06
2575 2.2594411889925543e-06
2576 2.278051108443586e-06
2577 2.1968753575335803e-06
2578 2.3494359235850807e-06
2579 2.4250190524135432e-06
2580 2.3445739150835563e-06
2581 2.4732646959573726e-06
2582 2.4991335035516997e-06
2583 2.3372133554095753e-06
2584 2.386177594960032e-06
2585 2.349198803869982e-06
2586 2.1915816472236632e-06
2587 2.3033810755062317e-06
2588 2.3095558342865063e-06
2589 2.2145061387189766e-06
2590 2.4835441272263887e-06
2591 2.567989372636613e-06
2592 2.357587536953329e-06
2593 2.5391420012871236e-06
2594 2.6691974839226896e-06
2595 2.3707524340851817e-06
2596 2.3020385795263726e-06
2597 2.3487420914218783e-06
2598 2.176905231899908e-06
2599 2.1393645343196966e-06
2600 2.1414788403891147e-06
2601 2.084769463563861e-06
2602 2.232285570586166e-06
2603 2.227126104970795e-06
2604 2.086238994968256e-06
2605 2.2982614404399565e-06
2606 2.4003592899650754e-06
2607 2.1685186126517963e-06
2608 2.191099305942137e-06
2609 2.272625005663757e-06
2610 2.143719526485284e-06
2611 2.179319035565219e-06
2612 2.2107313086031983e-06
2613 2.1044974068477674e-06
2614 2.2145216462239543e-06
2615 2.3088065208935314e-06
2616 2.2011858173309145e-06
2617 2.221914032553698e-06
2618 2.298539060369915e-06
2619 2.3070528112737843e-06
2620 2.2934759278155646e-06
2621 2.1333305683852737e-06
2622 2.1037006602649736e-06
2623 2.291644904665558e-06
2624 2.1918196684784077e-06
2625 2.0485774683258e-06
2626 2.2359577594438538e-06
2627 2.227274249782546e-06
2628 2.094108866080825e-06
2629 2.220018222736624e-06
2630 2.1670126323090284e-06
2631 2.045003549855083e-06
2632 2.2049451785885782e-06
2633 2.1328635414441893e-06
2634 1.989263490232012e-06
2635 2.2214125624950997e-06
2636 2.230442242378809e-06
2637 2.0315246771468162e-06
2638 2.2130801331628513e-06
2639 2.321181611776181e-06
2640 2.2175619255760675e-06
2641 2.3343526712839165e-06
2642 2.384797885509451e-06
2643 2.3296656938301857e-06
2644 2.437789029818586e-06
2645 2.3220828214151287e-06
2646 2.156634727579403e-06
2647 2.35255383648977e-06
2648 2.3440556335296358e-06
2649 2.0964130602952104e-06
2650 2.16384919670204e-06
2651 2.2188558029478625e-06
2652 2.1462865254881983e-06
2653 2.265958989370468e-06
2654 2.2747409161768086e-06
2655 2.2062919396371945e-06
2656 2.379974378161596e-06
2657 2.389256872385004e-06
2658 2.2394564633275494e-06
2659 2.331829427301245e-06
2660 2.342657870383778e-06
2661 2.180022469991429e-06
2662 2.195793005018221e-06
2663 2.2224990390297807e-06
2664 2.1914270416749345e-06
2665 2.228672782059603e-06
2666 2.173586753437856e-06
2667 2.167661847981236e-06
2668 2.2898456037612954e-06
2669 2.172227956317288e-06
2670 2.0135325999262624e-06
2671 2.084970726870329e-06
2672 2.0723690886747286e-06
2673 1.983852413061458e-06
2674 2.009659580315883e-06
2675 2.06142472791258e-06
2676 2.2190422750556335e-06
2677 2.3223374937366304e-06
2678 2.214784868635164e-06
2679 2.3225102016488957e-06
2680 2.456950375269068e-06
2681 2.1853362947313776e-06
2682 2.168581551331787e-06
2683 2.4464395738786695e-06
2684 2.246079270415165e-06
2685 2.0699028898690068e-06
2686 2.328056046447289e-06
2687 2.2753643269786418e-06
2688 2.0566186423958824e-06
2689 2.1735533087453825e-06
2690 2.204032553062973e-06
2691 2.1179167003709383e-06
2692 2.147427723849738e-06
2693 2.098849254809262e-06
2694 2.124510592176731e-06
2695 2.1841377002142603e-06
2696 1.9852786415147468e-06
2697 1.985419504188969e-06
2698 2.2141944650194725e-06
2699 2.074868237348503e-06
2700 1.98477927351572e-06
2701 2.223300443605687e-06
2702 2.183535266889725e-06
2703 2.0842940990811775e-06
2704 2.2505781630803976e-06
2705 2.1897484269611767e-06
2706 2.0652413835156906e-06
2707 2.2144890509592847e-06
2708 2.2085627458019337e-06
2709 2.0591688290540577e-06
2710 2.064945670498444e-06
2711 2.028428760586035e-06
2712 1.9863851687169263e-06
2713 2.0311887937599915e-06
2714 2.0053493952988356e-06
2715 2.031877919665568e-06
2716 2.0906718373517926e-06
2717 2.046718542041767e-06
2718 2.142457146053927e-06
2719 2.2421437603163584e-06
2720 2.1083065701758823e-06
2721 2.109183633724221e-06
2722 2.1925353592176284e-06
2723 2.0641316269632844e-06
2724 2.0974354244863237e-06
2725 2.254477707439989e-06
2726 2.2132205555294337e-06
2727 2.2902221807508533e-06
2728 2.404879616071449e-06
2729 2.2598681618727347e-06
2730 2.2631158055577848e-06
2731 2.3232439601777857e-06
2732 2.1059105375266953e-06
2733 2.096683577060596e-06
2734 2.246678533658757e-06
2735 2.1095300601842624e-06
2736 2.1267555460780507e-06
2737 2.324435000603482e-06
2738 2.2239402420453456e-06
2739 2.1776727282326627e-06
2740 2.3102192027232564e-06
2741 2.2167545674558458e-06
2742 2.1550830597995127e-06
2743 2.2241561558003874e-06
2744 2.128916336499752e-06
2745 2.070628321892392e-06
2746 2.102209175150474e-06
2747 2.0832738319689914e-06
2748 2.2027098347400395e-06
2749 2.258081033046177e-06
2750 2.137417790949574e-06
2751 2.2916924568866734e-06
2752 2.4663142398714234e-06
2753 2.2729601656636667e-06
2754 2.204564528480602e-06
2755 2.2818015520787673e-06
2756 2.184869327596021e-06
2757 2.2011267082490127e-06
2758 2.2411020006351643e-06
2759 2.096122320038644e-06
2760 2.1675283728246687e-06
2761 2.2853686967732277e-06
2762 2.1110604874292406e-06
2763 2.089703971880206e-06
2764 2.2094583316280854e-06
2765 2.0798798128163155e-06
2766 1.990593870056515e-06
2767 2.0430022579954287e-06
2768 2.0501618390263237e-06
2769 2.1089390497671467e-06
2770 2.098749764514111e-06
2771 2.028145729978412e-06
2772 2.170066805715115e-06
2773 2.1895940537247215e-06
2774 2.025492422304421e-06
2775 2.1468675609445152e-06
2776 2.2401280863944027e-06
2777 2.08920467557059e-06
2778 2.18827366078364e-06
2779 2.299295420258288e-06
2780 2.1519545921043163e-06
2781 2.2147850041347733e-06
2782 2.316574255522143e-06
2783 2.1678651602519744e-06
2784 2.228770452789156e-06
2785 2.362804963105162e-06
2786 2.2074341190498644e-06
2787 2.152720251695095e-06
2788 2.2307514538092894e-06
2789 2.158409085749332e-06
2790 2.1056771871100935e-06
2791 2.0881605782982256e-06
2792 2.0716007637920123e-06
2793 2.14955581930127e-06
2794 2.1116781399017073e-06
2795 2.0186595130183864e-06
2796 2.1304532510489154e-06
2797 2.148019278660998e-06
2798 2.0932005312147314e-06
2799 2.248515314114184e-06
2800 2.2965567031498557e-06
2801 2.275100210407756e-06
2802 2.4898998064687108e-06
2803 2.4719559279944337e-06
2804 2.2554969736196e-06
2805 2.369985194734267e-06
2806 2.3638265567538207e-06
2807 2.0729004232236303e-06
2808 2.1020536958898213e-06
2809 2.202169175610251e-06
2810 2.075255332855282e-06
2811 2.12919799349959e-06
2812 2.2602604673693145e-06
2813 2.2563155518387554e-06
2814 2.313289200659193e-06
2815 2.3106270884141076e-06
2816 2.2475292157358746e-06
2817 2.30413646258052e-06
2818 2.248937268927375e-06
2819 2.1756709884947125e-06
2820 2.303456482057724e-06
2821 2.228615316596374e-06
2822 2.0821178780920625e-06
2823 2.2470244798304555e-06
2824 2.2684060649998916e-06
2825 2.118411911383347e-06
2826 2.229477034265625e-06
2827 2.250954593655016e-06
2828 2.137286482573707e-06
2829 2.250023662432462e-06
2830 2.2373548742634852e-06
2831 2.083448085397173e-06
2832 2.2045235762483503e-06
2833 2.2219506132631e-06
2834 2.0375086433188737e-06
2835 2.1432790172972403e-06
2836 2.266707120966476e-06
2837 2.1243278615639023e-06
2838 2.099725944165647e-06
2839 2.1753108350085315e-06
2840 2.125455148197815e-06
2841 2.085230067235755e-06
2842 2.1413248336868077e-06
2843 2.2251289263817626e-06
2844 2.2079848517635046e-06
2845 2.0917385854287485e-06
2846 2.1376873511770153e-06
2847 2.2606914309283763e-06
2848 2.21077684501157e-06
2849 2.1681526816962615e-06
2850 2.1749647196107213e-06
2851 2.1857464716993174e-06
2852 2.3704101914686002e-06
2853 2.384905905509684e-06
2854 2.228447387456092e-06
2855 2.5091741718981874e-06
2856 2.6862855633750093e-06
2857 2.315240652298426e-06
2858 2.4408160209025908e-06
2859 2.8271786878359267e-06
2860 2.5027460797806634e-06
2861 2.4100221102479093e-06
2862 2.8651471870036567e-06
2863 2.7710469141628255e-06
2864 2.602428453911926e-06
2865 2.903494810090407e-06
2866 2.8724452172311005e-06
2867 2.640540417037925e-06
2868 2.701656191431604e-06
2869 2.7605233982508544e-06
2870 2.794690311533647e-06
2871 2.6365038661492666e-06
2872 2.555839337358206e-06
2873 3.328083110318443e-06
2874 3.7021913160497544e-06
2875 3.0736626432887578e-06
2876 3.8154941136287994e-06
2877 5.19182726498885e-06
2878 4.415550210115249e-06
2879 3.814804644463956e-06
2880 5.083905142773611e-06
2881 4.8553263943953905e-06
2882 3.327466523880922e-06
2883 3.570536007420513e-06
2884 3.90926332649319e-06
2885 2.821787522142892e-06
2886 2.5125904788084047e-06
2887 3.0209554771206396e-06
2888 2.810837970775504e-06
2889 2.522711356069811e-06
2890 2.6705440637008367e-06
2891 2.7588604510097974e-06
2892 2.746927525436469e-06
2893 2.600453419755853e-06
2894 2.5224607193117402e-06
2895 2.700484395741731e-06
2896 2.594935424218431e-06
2897 2.3238817850060434e-06
2898 2.4637767725393953e-06
2899 2.5192613691320373e-06
2900 2.3193952335157064e-06
2901 2.384419085466635e-06
2902 2.453975358007009e-06
2903 2.3281906263139317e-06
2904 2.347176172862293e-06
2905 2.3533460139803415e-06
2906 2.261985918933061e-06
2907 2.2673968803633947e-06
2908 2.2325068013548846e-06
2909 2.200863002408882e-06
2910 2.26749658385964e-06
2911 2.1875097592791212e-06
2912 2.136843390579191e-06
2913 2.3002680156639903e-06
2914 2.3170298330631003e-06
2915 2.1761304725355343e-06
2916 2.125362655860459e-06
2917 2.1084022964448734e-06
2918 2.1378161122293097e-06
2919 2.1401967663054864e-06
2920 2.089553405287243e-06
2921 2.2237909475835774e-06
2922 2.3392536969251344e-06
2923 2.262029517089988e-06
2924 2.4079142304220346e-06
2925 2.5266955001370335e-06
2926 2.2845121448686517e-06
2927 2.2917600994429487e-06
2928 2.454328919823754e-06
2929 2.2494941602190603e-06
2930 2.2121158208298883e-06
2931 2.338672379554774e-06
2932 2.1158749980270988e-06
2933 2.124360480419679e-06
2934 2.375757744680799e-06
2935 2.1510231232681507e-06
2936 2.0703070338955018e-06
2937 2.446609447526697e-06
2938 2.4234184509509344e-06
2939 2.233028537440115e-06
2940 2.41164542832672e-06
2941 2.4346870588793155e-06
2942 2.2502893511412075e-06
2943 2.191406258914592e-06
2944 2.1243194464480755e-06
2945 2.0914987613691593e-06
2946 2.0637743655131238e-06
2947 1.9438830725207852e-06
2948 2.054234928289639e-06
2949 2.2200312310571775e-06
2950 2.115246978847622e-06
2951 2.1891861526085948e-06
2952 2.3586791948863493e-06
2953 2.2065221571514137e-06
2954 2.2376677182539563e-06
2955 2.426184523355988e-06
2956 2.2224060326810555e-06
2957 2.1419082581490285e-06
2958 2.3546118054404506e-06
2959 2.2110187156431978e-06
2960 2.034538748679182e-06
2961 2.198910171359653e-06
2962 2.179442591223693e-06
2963 1.9864397717740027e-06
2964 2.0114760198702176e-06
2965 2.1110493384282495e-06
2966 2.0956737576636208e-06
2967 1.969346822090562e-06
2968 1.9716440226888653e-06
2969 2.164147452600235e-06
2970 2.0703609532317383e-06
2971 1.8700108028662107e-06
2972 2.174935158630695e-06
2973 2.35284559547701e-06
2974 2.0836327729795997e-06
2975 2.2148405390299966e-06
2976 2.443017061180589e-06
2977 2.144010727395523e-06
2978 2.0640427209802323e-06
2979 2.2374269821926024e-06
2980 2.041362966540962e-06
2981 1.9893659646916614e-06
2982 2.1957966753049405e-06
2983 2.0939727646608658e-06
2984 2.046065341341473e-06
2985 2.20801641807792e-06
2986 2.1613683941429517e-06
2987 2.184081865504428e-06
2988 2.345638942465908e-06
2989 2.2581031791758193e-06
2990 2.18510235745761e-06
2991 2.252667440312953e-06
2992 2.1703686383010782e-06
2993 2.0644517694045795e-06
2994 2.007784785363805e-06
2995 1.951034533462651e-06
2996 2.035667536524439e-06
2997 2.020915549889551e-06
2998 1.9039351566014736e-06
2999 2.0807878559118108e-06
3000 2.2124205659874093e-06
3001 2.0803503829955325e-06
3002 2.1871857663885842e-06
3003 2.295377491912947e-06
3004 2.1025350173146055e-06
3005 2.1115365525637797e-06
3006 2.1872573415764038e-06
3007 2.002630585119901e-06
3008 2.024044418491064e-06
3009 2.1403390554774292e-06
3010 1.9810934952222777e-06
3011 1.9543090306303115e-06
3012 2.0780841019704324e-06
3013 2.0227715793381316e-06
3014 2.0444189196431407e-06
3015 2.130840055355505e-06
3016 2.087366980956087e-06
3017 2.094791604960601e-06
3018 2.072018868696535e-06
3019 1.9934485876052538e-06
3020 2.0930875122255445e-06
3021 2.0906578724555146e-06
3022 1.9582210278860086e-06
3023 2.115278791615336e-06
3024 2.2267231702307794e-06
3025 2.0889891150302283e-06
3026 2.162275619435445e-06
3027 2.21349532675598e-06
3028 2.02786134455152e-06
3029 2.1004622376602446e-06
3030 2.219600421524823e-06
3031 2.0365098378145775e-06
3032 2.0311649343078272e-06
3033 2.187100335292798e-06
3034 2.1249581551122182e-06
3035 2.0913305444269504e-06
3036 2.167226168546258e-06
3037 2.1419877644012137e-06
3038 2.122174336692652e-06
3039 2.10621501284116e-06
3040 2.0692446903469885e-06
3041 2.0999954985349964e-06
3042 2.046804405493254e-06
3043 1.961266420870452e-06
3044 2.0300630321036137e-06
3045 2.026808781795578e-06
3046 1.9527765713945738e-06
3047 2.0231688730416787e-06
3048 2.0455163823472607e-06
3049 2.043101568478527e-06
3050 2.1647189454774528e-06
3051 2.1395318598870587e-06
3052 2.060377128542831e-06
3053 2.124395943715363e-06
3054 2.0632572783440098e-06
3055 2.0035134692826994e-06
3056 2.1302697924758037e-06
3057 2.0575139670061488e-06
3058 1.964887155531716e-06
3059 2.1074449418506737e-06
3060 2.038705622376608e-06
3061 1.9125678445968405e-06
3062 2.129940038473491e-06
3063 2.1655268891167193e-06
3064 2.0004566510316466e-06
3065 2.103323642866214e-06
3066 2.1951233344406254e-06
3067 2.1049247864616464e-06
3068 2.218682878719032e-06
3069 2.211729605121775e-06
3070 2.2389485326255103e-06
